1948.  1.  1.    7.3878    3.7333
1948.  4.  1.    7.4053    3.6667
1948.  7.  1.    7.4110    3.7667
1948. 10.  1.    7.4134    3.8333
1949.  1.  1.    7.3983    4.6667
1949.  4.  1.    7.3954    5.8667
1949.  7.  1.    7.4065    6.7000
1949. 10.  1.    7.3963    6.9667
1950.  1.  1.    7.4365    6.4000
1950.  4.  1.    7.4658    5.5667
1950.  7.  1.    7.5043    4.6333
1950. 10.  1.    7.5224    4.2333
1951.  1.  1.    7.5344    3.5000
1951.  4.  1.    7.5512    3.1000
1951.  7.  1.    7.5710    3.1667
1951. 10.  1.    7.5727    3.3667
1952.  1.  1.    7.5831    3.0667
1952.  4.  1.    7.5838    2.9667
1952.  7.  1.    7.5902    3.2333
1952. 10.  1.    7.6226    2.8333
1953.  1.  1.    7.6412    2.7000
1953.  4.  1.    7.6488    2.5667
1953.  7.  1.    7.6427    2.7333
1953. 10.  1.    7.6268    3.7000
1954.  1.  1.    7.6219    5.2667
1954.  4.  1.    7.6228    5.8000
1954.  7.  1.    7.6338    5.9667
1954. 10.  1.    7.6534    5.3333
1955.  1.  1.    7.6818    4.7333
1955.  4.  1.    7.6980    4.4000
1955.  7.  1.    7.7113    4.1000
1955. 10.  1.    7.7166    4.2333
1956.  1.  1.    7.7119    4.0333
1956.  4.  1.    7.7198    4.2000
1956.  7.  1.    7.7186    4.1333
1956. 10.  1.    7.7348    4.1333
1957.  1.  1.    7.7408    3.9333
1957.  4.  1.    7.7383    4.1000
1957.  7.  1.    7.7480    4.2333
1957. 10.  1.    7.7374    4.9333
1958.  1.  1.    7.7099    6.3000
1958.  4.  1.    7.7157    7.3667
1958.  7.  1.    7.7386    7.3333
1958. 10.  1.    7.7613    6.3667
1959.  1.  1.    7.7803    5.8333
1959.  4.  1.    7.8062    5.1000
1959.  7.  1.    7.8055    5.2667
1959. 10.  1.    7.8090    5.6000
1960.  1.  1.    7.8310    5.1333
1960.  4.  1.    7.8260    5.2333
1960.  7.  1.    7.8275    5.5333
1960. 10.  1.    7.8145    6.2667
1961.  1.  1.    7.8205    6.8000
1961.  4.  1.    7.8391    7.0000
1961.  7.  1.    7.8552    6.7667
1961. 10.  1.    7.8754    6.2000
1962.  1.  1.    7.8933    5.6333
1962.  4.  1.    7.9041    5.5333
1962.  7.  1.    7.9133    5.5667
1962. 10.  1.    7.9157    5.5333
1963.  1.  1.    7.9287    5.7667
1963.  4.  1.    7.9412    5.7333
1963.  7.  1.    7.9598    5.5000
1963. 10.  1.    7.9676    5.5667
1964.  1.  1.    7.9897    5.4667
1964.  4.  1.    8.0013    5.2000
1964.  7.  1.    8.0148    5.0000
1964. 10.  1.    8.0175    4.9667
1965.  1.  1.    8.0418    4.9000
1965.  4.  1.    8.0552    4.6667
1965.  7.  1.    8.0753    4.3667
1965. 10.  1.    8.0992    4.1000
1966.  1.  1.    8.1234    3.8667
1966.  4.  1.    8.1268    3.8333
1966.  7.  1.    8.1334    3.7667
1966. 10.  1.    8.1414    3.7000
1967.  1.  1.    8.1502    3.8333
1967.  4.  1.    8.1503    3.8333
1967.  7.  1.    8.1582    3.8000
1967. 10.  1.    8.1657    3.9000
1968.  1.  1.    8.1861    3.7333
1968.  4.  1.    8.2029    3.5667
1968.  7.  1.    8.2097    3.5333
1968. 10.  1.    8.2139    3.4000
1969.  1.  1.    8.2296    3.4000
1969.  4.  1.    8.2324    3.4333
1969.  7.  1.    8.2386    3.5667
1969. 10.  1.    8.2338    3.5667
1970.  1.  1.    8.2322    4.1667
1970.  4.  1.    8.2341    4.7667
1970.  7.  1.    8.2429    5.1667
1970. 10.  1.    8.2321    5.8333
1971.  1.  1.    8.2595    5.9333
1971.  4.  1.    8.2651    5.9000
1971.  7.  1.    8.2730    6.0333
1971. 10.  1.    8.2759    5.9333
1972.  1.  1.    8.2935    5.7667
1972.  4.  1.    8.3168    5.7000
1972.  7.  1.    8.3263    5.5667
1972. 10.  1.    8.3425    5.3667
1973.  1.  1.    8.3676    4.9333
1973.  4.  1.    8.3791    4.9333
1973.  7.  1.    8.3738    4.8000
1973. 10.  1.    8.3833    4.7667
1974.  1.  1.    8.3746    5.1333
1974.  4.  1.    8.3775    5.2000
1974.  7.  1.    8.3677    5.6333
1974. 10.  1.    8.3638    6.6000
1975.  1.  1.    8.3518    8.2667
1975.  4.  1.    8.3590    8.8667
1975.  7.  1.    8.3758    8.4667
1975. 10.  1.    8.3889    8.3000
1976.  1.  1.    8.4111    7.7333
1976.  4.  1.    8.4186    7.5667
1976.  7.  1.    8.4233    7.7333
1976. 10.  1.    8.4305    7.7667
1977.  1.  1.    8.4425    7.5000
1977.  4.  1.    8.4619    7.1333
1977.  7.  1.    8.4797    6.9000
1977. 10.  1.    8.4796    6.6667
1978.  1.  1.    8.4828    6.3333
1978.  4.  1.    8.5214    6.0000
1978.  7.  1.    8.5312    6.0333
1978. 10.  1.    8.5443    5.9000
1979.  1.  1.    8.5463    5.8667
1979.  4.  1.    8.5472    5.7000
1979.  7.  1.    8.5544    5.8667
1979. 10.  1.    8.5573    5.9667
1980.  1.  1.    8.5605    6.3000
1980.  4.  1.    8.5401    7.3333
1980.  7.  1.    8.5384    7.6667
1980. 10.  1.    8.5568    7.4000
1981.  1.  1.    8.5769    7.4333
1981.  4.  1.    8.5690    7.4000
1981.  7.  1.    8.5811    7.4000
1981. 10.  1.    8.5685    8.2333
1982.  1.  1.    8.5520    8.8333
1982.  4.  1.    8.5573    9.4333
1982.  7.  1.    8.5536    9.9000
1982. 10.  1.    8.5545   10.6667
1983.  1.  1.    8.5667   10.3667
1983.  4.  1.    8.5890   10.1333
1983.  7.  1.    8.6086    9.3667
1983. 10.  1.    8.6288    8.5333
1984.  1.  1.    8.6482    7.8667
1984.  4.  1.    8.6653    7.4333
1984.  7.  1.    8.6749    7.4333
1984. 10.  1.    8.6831    7.3000
1985.  1.  1.    8.6923    7.2333
1985.  4.  1.    8.7008    7.3000
1985.  7.  1.    8.7163    7.2000
1985. 10.  1.    8.7240    7.0333
1986.  1.  1.    8.7335    7.0333
1986.  4.  1.    8.7375    7.1667
1986.  7.  1.    8.7470    6.9667
1986. 10.  1.    8.7520    6.8333
1987.  1.  1.    8.7586    6.6000
1987.  4.  1.    8.7695    6.2667
1987.  7.  1.    8.7785    6.0000
1987. 10.  1.    8.7959    5.8333
1988.  1.  1.    8.8007    5.7000
1988.  4.  1.    8.8134    5.4667
1988.  7.  1.    8.8187    5.4667
1988. 10.  1.    8.8318    5.3333
1989.  1.  1.    8.8419    5.2000
1989.  4.  1.    8.8484    5.2333
1989.  7.  1.    8.8555    5.2333
1989. 10.  1.    8.8581    5.3667
1990.  1.  1.    8.8696    5.3000
1990.  4.  1.    8.8721    5.3333
1990.  7.  1.    8.8722    5.7000
1990. 10.  1.    8.8646    6.1333
1991.  1.  1.    8.8595    6.6000
1991.  4.  1.    8.8659    6.8333
1991.  7.  1.    8.8708    6.8667
1991. 10.  1.    8.8754    7.1000
1992.  1.  1.    8.8857    7.3667
1992.  4.  1.    8.8953    7.6000
1992.  7.  1.    8.9051    7.6333
1992. 10.  1.    8.9161    7.3667
1993.  1.  1.    8.9173    7.1333
1993.  4.  1.    8.9223    7.0667
1993.  7.  1.    8.9274    6.8000
1993. 10.  1.    8.9408    6.6333
1994.  1.  1.    8.9509    6.5667
1994.  4.  1.    8.9639    6.2000
1994.  7.  1.    8.9695    6.0000
1994. 10.  1.    8.9811    5.6333
1995.  1.  1.    8.9839    5.4667
1995.  4.  1.    8.9857    5.6667
1995.  7.  1.    8.9938    5.6667
1995. 10.  1.    9.0011    5.5667
1996.  1.  1.    9.0081    5.5333
1996.  4.  1.    9.0244    5.5000
1996.  7.  1.    9.0327    5.2667
1996. 10.  1.    9.0444    5.3333
1997.  1.  1.    9.0521    5.2333
1997.  4.  1.    9.0671    5.0000
1997.  7.  1.    9.0795    4.8667
1997. 10.  1.    9.0869    4.6667
1998.  1.  1.    9.0979    4.6333
1998.  4.  1.    9.1045    4.4000
1998.  7.  1.    9.1159    4.5333
1998. 10.  1.    9.1310    4.4333
1999.  1.  1.    9.1394    4.3000
1999.  4.  1.    9.1477    4.2667
1999.  7.  1.    9.1593    4.2333
1999. 10.  1.    9.1769    4.0667
2000.  1.  1.    9.1794    4.0333
2000.  4.  1.    9.1950    3.9333
2000.  7.  1.    9.1939    4.0000
2000. 10.  1.    9.1991    3.9000
2001.  1.  1.    9.1978    4.2333
2001.  4.  1.    9.2009    4.4000
2001.  7.  1.    9.1974    4.8333
2001. 10.  1.    9.2013    5.5333
2002.  1.  1.    9.2097    5.7000
2002.  4.  1.    9.2156    5.8333
2002.  7.  1.    9.2220    5.7333
2002. 10.  1.    9.2238    5.8667
2003.  1.  1.    9.2286    5.8333
2003.  4.  1.    9.2387    6.1333
2003.  7.  1.    9.2565    6.1333
2003. 10.  1.    9.2668    5.8667
2004.  1.  1.    9.2778    5.6667
2004.  4.  1.    9.2859    5.5667
2004.  7.  1.    9.2957    5.4333
2004. 10.  1.    9.3051    5.4333