2.480000	1.229195	32.30000	142.2000	22.20000	34.80000	1.000000	0.000000	0.000000	0.000000	0.000000	0.000000	0.000000	0.000000	0.000000	0.000000	0.000000
2.400000	1.230758	32.40000	139.3000	22.10000	35.50000	0.000000	1.000000	0.000000	0.000000	0.000000	0.000000	0.000000	0.000000	0.000000	0.000000	0.000000
2.800000	1.226674	32.80000	138.4000	22.10000	36.00000	0.000000	0.000000	1.000000	0.000000	0.000000	0.000000	0.000000	0.000000	0.000000	0.000000	0.000000
2.960000	1.226781	33.20000	139.7000	22.20000	36.80000	0.000000	0.000000	0.000000	1.000000	0.000000	0.000000	0.000000	0.000000	0.000000	0.000000	0.000000
2.900000	1.228362	33.10000	138.7000	22.20000	37.30000	0.000000	0.000000	0.000000	0.000000	1.000000	0.000000	0.000000	0.000000	0.000000	0.000000	0.000000
3.390000	1.227560	32.60000	139.4000	22.30000	37.40000	0.000000	0.000000	0.000000	0.000000	0.000000	1.000000	0.000000	0.000000	0.000000	0.000000	0.000000
3.440000	1.228665	32.30000	140.3000	22.40000	36.50000	0.000000	0.000000	0.000000	0.000000	0.000000	0.000000	1.000000	0.000000	0.000000	0.000000	0.000000
3.500000	1.230806	33.00000	140.0000	22.30000	35.20000	0.000000	0.000000	0.000000	0.000000	0.000000	0.000000	0.000000	1.000000	0.000000	0.000000	0.000000
3.760000	1.231208	33.20000	140.4000	22.40000	35.20000	0.000000	0.000000	0.000000	0.000000	0.000000	0.000000	0.000000	0.000000	1.000000	0.000000	0.000000
3.980000	1.230522	32.90000	140.7000	22.50000	34.90000	0.000000	0.000000	0.000000	0.000000	0.000000	0.000000	0.000000	0.000000	0.000000	1.000000	0.000000
4.000000	1.231955	32.70000	141.8000	22.50000	35.10000	0.000000	0.000000	0.000000	0.000000	0.000000	0.000000	0.000000	0.000000	0.000000	0.000000	1.000000
3.990000	1.232612	32.80000	143.6000	22.50000	37.30000	0.000000	0.000000	0.000000	0.000000	0.000000	0.000000	0.000000	0.000000	0.000000	0.000000	0.000000
3.990000	1.231681	33.10000	143.3000	22.50000	38.30000	1.000000	0.000000	0.000000	0.000000	0.000000	0.000000	0.000000	0.000000	0.000000	0.000000	0.000000
3.970000	1.231178	33.00000	139.8000	22.50000	38.00000	0.000000	1.000000	0.000000	0.000000	0.000000	0.000000	0.000000	0.000000	0.000000	0.000000	0.000000
3.840000	1.229774	33.10000	138.5000	22.50000	37.60000	0.000000	0.000000	1.000000	0.000000	0.000000	0.000000	0.000000	0.000000	0.000000	0.000000	0.000000
3.920000	1.229286	33.40000	139.7000	22.60000	37.30000	0.000000	0.000000	0.000000	1.000000	0.000000	0.000000	0.000000	0.000000	0.000000	0.000000	0.000000
3.850000	1.231668	33.00000	137.6000	22.60000	37.30000	0.000000	0.000000	0.000000	0.000000	1.000000	0.000000	0.000000	0.000000	0.000000	0.000000	0.000000
3.320000	1.230001	32.50000	137.9000	22.70000	36.80000	0.000000	0.000000	0.000000	0.000000	0.000000	1.000000	0.000000	0.000000	0.000000	0.000000	0.000000
3.230000	1.229237	32.40000	138.9000	22.70000	36.70000	0.000000	0.000000	0.000000	0.000000	0.000000	0.000000	1.000000	0.000000	0.000000	0.000000	0.000000
2.980000	1.228331	32.40000	139.4000	22.70000	36.60000	0.000000	0.000000	0.000000	0.000000	0.000000	0.000000	0.000000	1.000000	0.000000	0.000000	0.000000
2.600000	1.228596	32.70000	140.5000	22.70000	36.30000	0.000000	0.000000	0.000000	0.000000	0.000000	0.000000	0.000000	0.000000	1.000000	0.000000	0.000000
2.470000	1.226733	32.10000	141.2000	22.80000	36.20000	0.000000	0.000000	0.000000	0.000000	0.000000	0.000000	0.000000	0.000000	0.000000	1.000000	0.000000
2.440000	1.228623	31.70000	142.3000	22.80000	35.70000	0.000000	0.000000	0.000000	0.000000	0.000000	0.000000	0.000000	0.000000	0.000000	0.000000	1.000000
1.980000	1.231190	31.60000	144.5000	22.80000	35.00000	0.000000	0.000000	0.000000	0.000000	0.000000	0.000000	0.000000	0.000000	0.000000	0.000000	0.000000
1.450000	1.231072	31.90000	144.5000	22.80000	35.10000	1.000000	0.000000	0.000000	0.000000	0.000000	0.000000	0.000000	0.000000	0.000000	0.000000	0.000000
2.540000	1.234282	32.00000	141.6000	22.80000	35.00000	0.000000	1.000000	0.000000	0.000000	0.000000	0.000000	0.000000	0.000000	0.000000	0.000000	0.000000
2.020000	1.228980	32.30000	140.6000	22.80000	35.20000	0.000000	0.000000	1.000000	0.000000	0.000000	0.000000	0.000000	0.000000	0.000000	0.000000	0.000000
1.500000	1.229484	32.40000	142.4000	22.80000	36.00000	0.000000	0.000000	0.000000	1.000000	0.000000	0.000000	0.000000	0.000000	0.000000	0.000000	0.000000
1.980000	1.231109	32.40000	140.6000	22.80000	36.50000	0.000000	0.000000	0.000000	0.000000	1.000000	0.000000	0.000000	0.000000	0.000000	0.000000	0.000000
1.730000	1.232718	32.00000	141.2000	22.90000	37.00000	0.000000	0.000000	0.000000	0.000000	0.000000	1.000000	0.000000	0.000000	0.000000	0.000000	0.000000
1.160000	1.230252	32.20000	141.5000	22.90000	37.40000	0.000000	0.000000	0.000000	0.000000	0.000000	0.000000	1.000000	0.000000	0.000000	0.000000	0.000000
2.000000	1.226556	32.40000	141.4000	22.90000	37.80000	0.000000	0.000000	0.000000	0.000000	0.000000	0.000000	0.000000	1.000000	0.000000	0.000000	0.000000
1.880000	1.223285	32.50000	143.1000	23.00000	37.70000	0.000000	0.000000	0.000000	0.000000	0.000000	0.000000	0.000000	0.000000	1.000000	0.000000	0.000000
2.260000	1.223050	32.30000	144.4000	23.00000	38.50000	0.000000	0.000000	0.000000	0.000000	0.000000	0.000000	0.000000	0.000000	0.000000	1.000000	0.000000
2.620000	1.224101	32.30000	146.3000	23.00000	39.10000	0.000000	0.000000	0.000000	0.000000	0.000000	0.000000	0.000000	0.000000	0.000000	0.000000	1.000000
2.330000	1.225629	32.40000	149.2000	23.00000	39.40000	0.000000	0.000000	0.000000	0.000000	0.000000	0.000000	0.000000	0.000000	0.000000	0.000000	0.000000
2.140000	1.224201	32.40000	148.9000	23.00000	39.10000	1.000000	0.000000	0.000000	0.000000	0.000000	0.000000	0.000000	0.000000	0.000000	0.000000	0.000000
2.370000	1.223101	32.40000	145.6000	23.00000	39.70000	0.000000	1.000000	0.000000	0.000000	0.000000	0.000000	0.000000	0.000000	0.000000	0.000000	0.000000
2.700000	1.223453	32.50000	144.6000	23.10000	39.90000	0.000000	0.000000	1.000000	0.000000	0.000000	0.000000	0.000000	0.000000	0.000000	0.000000	0.000000
2.690000	1.224085	32.30000	146.7000	23.10000	40.00000	0.000000	0.000000	0.000000	1.000000	0.000000	0.000000	0.000000	0.000000	0.000000	0.000000	0.000000
2.290000	1.224814	32.70000	144.5000	23.10000	40.00000	0.000000	0.000000	0.000000	0.000000	1.000000	0.000000	0.000000	0.000000	0.000000	0.000000	0.000000
2.680000	1.225238	32.60000	144.8000	23.10000	39.90000	0.000000	0.000000	0.000000	0.000000	0.000000	1.000000	0.000000	0.000000	0.000000	0.000000	0.000000
2.710000	1.226781	32.40000	145.0000	23.20000	40.30000	0.000000	0.000000	0.000000	0.000000	0.000000	0.000000	1.000000	0.000000	0.000000	0.000000	0.000000
2.930000	1.228049	32.40000	144.4000	23.20000	40.30000	0.000000	0.000000	0.000000	0.000000	0.000000	0.000000	0.000000	1.000000	0.000000	0.000000	0.000000
2.900000	1.228321	32.50000	145.5000	23.30000	40.60000	0.000000	0.000000	0.000000	0.000000	0.000000	0.000000	0.000000	0.000000	1.000000	0.000000	0.000000
2.900000	1.228604	32.30000	147.0000	23.30000	40.60000	0.000000	0.000000	0.000000	0.000000	0.000000	0.000000	0.000000	0.000000	0.000000	1.000000	0.000000
2.940000	1.227680	32.70000	148.8000	23.30000	40.80000	0.000000	0.000000	0.000000	0.000000	0.000000	0.000000	0.000000	0.000000	0.000000	0.000000	1.000000
2.930000	1.227759	32.70000	151.9000	23.20000	40.80000	0.000000	0.000000	0.000000	0.000000	0.000000	0.000000	0.000000	0.000000	0.000000	0.000000	0.000000
2.910000	1.227176	32.90000	152.1000	23.30000	41.10000	1.000000	0.000000	0.000000	0.000000	0.000000	0.000000	0.000000	0.000000	0.000000	0.000000	0.000000
3.000000	1.227825	32.80000	148.7000	23.30000	41.50000	0.000000	1.000000	0.000000	0.000000	0.000000	0.000000	0.000000	0.000000	0.000000	0.000000	0.000000
2.980000	1.228804	32.90000	147.8000	23.30000	41.80000	0.000000	0.000000	1.000000	0.000000	0.000000	0.000000	0.000000	0.000000	0.000000	0.000000	0.000000
2.900000	1.228329	33.30000	150.0000	23.30000	42.20000	0.000000	0.000000	0.000000	1.000000	0.000000	0.000000	0.000000	0.000000	0.000000	0.000000	0.000000
3.000000	1.228268	33.50000	147.9000	23.30000	42.70000	0.000000	0.000000	0.000000	0.000000	1.000000	0.000000	0.000000	0.000000	0.000000	0.000000	0.000000
2.990000	1.227953	33.00000	148.7000	23.40000	42.80000	0.000000	0.000000	0.000000	0.000000	0.000000	1.000000	0.000000	0.000000	0.000000	0.000000	0.000000
3.020000	1.228144	33.00000	149.9000	23.50000	42.60000	0.000000	0.000000	0.000000	0.000000	0.000000	0.000000	1.000000	0.000000	0.000000	0.000000	0.000000
3.490000	1.229104	32.90000	149.5000	23.50000	42.70000	0.000000	0.000000	0.000000	0.000000	0.000000	0.000000	0.000000	1.000000	0.000000	0.000000	0.000000
3.480000	1.229158	33.10000	151.0000	23.50000	43.20000	0.000000	0.000000	0.000000	0.000000	0.000000	0.000000	0.000000	0.000000	1.000000	0.000000	0.000000
3.500000	1.228925	33.70000	152.8000	23.60000	43.40000	0.000000	0.000000	0.000000	0.000000	0.000000	0.000000	0.000000	0.000000	0.000000	1.000000	0.000000
3.480000	1.229165	33.50000	155.2000	23.60000	43.70000	0.000000	0.000000	0.000000	0.000000	0.000000	0.000000	0.000000	0.000000	0.000000	0.000000	1.000000
3.380000	1.229456	33.70000	157.5000	23.60000	43.60000	0.000000	0.000000	0.000000	0.000000	0.000000	0.000000	0.000000	0.000000	0.000000	0.000000	0.000000
3.480000	1.228962	33.60000	157.9000	23.70000	44.00000	1.000000	0.000000	0.000000	0.000000	0.000000	0.000000	0.000000	0.000000	0.000000	0.000000	0.000000
3.480000	1.228816	33.70000	153.9000	23.60000	44.30000	0.000000	1.000000	0.000000	0.000000	0.000000	0.000000	0.000000	0.000000	0.000000	0.000000	0.000000
3.430000	1.228768	34.10000	153.1000	23.70000	44.30000	0.000000	0.000000	1.000000	0.000000	0.000000	0.000000	0.000000	0.000000	0.000000	0.000000	0.000000
3.470000	1.228186	34.70000	155.2000	23.70000	45.00000	0.000000	0.000000	0.000000	1.000000	0.000000	0.000000	0.000000	0.000000	0.000000	0.000000	0.000000
3.500000	1.228926	34.90000	152.7000	23.70000	45.20000	0.000000	0.000000	0.000000	0.000000	1.000000	0.000000	0.000000	0.000000	0.000000	0.000000	0.000000
3.500000	1.231308	34.50000	153.9000	23.70000	45.40000	0.000000	0.000000	0.000000	0.000000	0.000000	1.000000	0.000000	0.000000	0.000000	0.000000	0.000000
3.420000	1.232653	35.00000	155.5000	23.80000	45.70000	0.000000	0.000000	0.000000	0.000000	0.000000	0.000000	1.000000	0.000000	0.000000	0.000000	0.000000
3.500000	1.234286	35.40000	155.5000	23.80000	46.00000	0.000000	0.000000	0.000000	0.000000	0.000000	0.000000	0.000000	1.000000	0.000000	0.000000	0.000000
3.450000	1.234490	36.00000	157.8000	23.80000	46.10000	0.000000	0.000000	0.000000	0.000000	0.000000	0.000000	0.000000	0.000000	1.000000	0.000000	0.000000
3.360000	1.233862	36.70000	159.7000	23.80000	45.50000	0.000000	0.000000	0.000000	0.000000	0.000000	0.000000	0.000000	0.000000	0.000000	1.000000	0.000000
3.520000	1.231523	36.50000	161.6000	23.90000	46.90000	0.000000	0.000000	0.000000	0.000000	0.000000	0.000000	0.000000	0.000000	0.000000	0.000000	1.000000
3.850000	1.231949	36.00000	164.9000	23.90000	47.50000	0.000000	0.000000	0.000000	0.000000	0.000000	0.000000	0.000000	0.000000	0.000000	0.000000	0.000000
3.900000	1.231254	34.90000	165.3000	23.90000	48.00000	1.000000	0.000000	0.000000	0.000000	0.000000	0.000000	0.000000	0.000000	0.000000	0.000000	0.000000
3.980000	1.230391	35.60000	160.3000	23.90000	48.30000	0.000000	1.000000	0.000000	0.000000	0.000000	0.000000	0.000000	0.000000	0.000000	0.000000	0.000000
4.040000	1.231814	35.60000	159.9000	23.90000	48.90000	0.000000	0.000000	1.000000	0.000000	0.000000	0.000000	0.000000	0.000000	0.000000	0.000000	0.000000
4.090000	1.228595	35.60000	162.6000	24.00000	49.10000	0.000000	0.000000	0.000000	1.000000	0.000000	0.000000	0.000000	0.000000	0.000000	0.000000	0.000000
4.100000	1.231410	35.70000	158.7000	24.10000	49.50000	0.000000	0.000000	0.000000	0.000000	1.000000	0.000000	0.000000	0.000000	0.000000	0.000000	0.000000
4.040000	1.231979	35.70000	160.5000	24.20000	49.90000	0.000000	0.000000	0.000000	0.000000	0.000000	1.000000	0.000000	0.000000	0.000000	0.000000	0.000000
4.090000	1.232055	35.00000	161.8000	24.20000	50.30000	0.000000	0.000000	0.000000	0.000000	0.000000	0.000000	1.000000	0.000000	0.000000	0.000000	0.000000
4.120000	1.232601	35.30000	161.2000	24.20000	50.60000	0.000000	0.000000	0.000000	0.000000	0.000000	0.000000	0.000000	1.000000	0.000000	0.000000	0.000000
4.010000	1.228349	35.90000	163.9000	24.20000	50.70000	0.000000	0.000000	0.000000	0.000000	0.000000	0.000000	0.000000	0.000000	1.000000	0.000000	0.000000
4.080000	1.227364	36.00000	166.5000	24.20000	51.20000	0.000000	0.000000	0.000000	0.000000	0.000000	0.000000	0.000000	0.000000	0.000000	1.000000	0.000000
4.100000	1.227709	35.90000	168.2000	24.30000	51.40000	0.000000	0.000000	0.000000	0.000000	0.000000	0.000000	0.000000	0.000000	0.000000	0.000000	1.000000
4.320000	1.227833	36.40000	172.6000	24.40000	52.10000	0.000000	0.000000	0.000000	0.000000	0.000000	0.000000	0.000000	0.000000	0.000000	0.000000	0.000000
4.420000	1.227783	37.40000	173.8000	24.40000	52.60000	1.000000	0.000000	0.000000	0.000000	0.000000	0.000000	0.000000	0.000000	0.000000	0.000000	0.000000
4.600000	1.229099	38.00000	168.6000	24.50000	52.90000	0.000000	1.000000	0.000000	0.000000	0.000000	0.000000	0.000000	0.000000	0.000000	0.000000	0.000000
4.690000	1.231760	38.30000	168.7000	24.60000	53.60000	0.000000	0.000000	1.000000	0.000000	0.000000	0.000000	0.000000	0.000000	0.000000	0.000000	0.000000
4.670000	1.231585	38.30000	172.4000	24.70000	53.70000	0.000000	0.000000	0.000000	1.000000	0.000000	0.000000	0.000000	0.000000	0.000000	0.000000	0.000000
4.900000	1.232401	37.80000	168.0000	24.70000	54.20000	0.000000	0.000000	0.000000	0.000000	1.000000	0.000000	0.000000	0.000000	0.000000	0.000000	0.000000
5.170000	1.232697	38.20000	170.0000	24.80000	54.50000	0.000000	0.000000	0.000000	0.000000	0.000000	1.000000	0.000000	0.000000	0.000000	0.000000	0.000000
5.300000	1.232253	38.30000	169.2000	24.90000	54.80000	0.000000	0.000000	0.000000	0.000000	0.000000	0.000000	1.000000	0.000000	0.000000	0.000000	0.000000
5.530000	1.232620	37.50000	168.3000	25.00000	54.80000	0.000000	0.000000	0.000000	0.000000	0.000000	0.000000	0.000000	1.000000	0.000000	0.000000	0.000000
5.400000	1.231750	36.70000	171.1000	25.10000	55.30000	0.000000	0.000000	0.000000	0.000000	0.000000	0.000000	0.000000	0.000000	1.000000	0.000000	0.000000
5.530000	1.231691	36.50000	171.6000	25.20000	55.70000	0.000000	0.000000	0.000000	0.000000	0.000000	0.000000	0.000000	0.000000	0.000000	1.000000	0.000000
5.770000	1.231720	36.50000	172.9000	25.20000	55.30000	0.000000	0.000000	0.000000	0.000000	0.000000	0.000000	0.000000	0.000000	0.000000	0.000000	1.000000
5.400000	1.231930	36.70000	176.9000	25.20000	55.50000	0.000000	0.000000	0.000000	0.000000	0.000000	0.000000	0.000000	0.000000	0.000000	0.000000	0.000000
4.940000	1.230317	36.50000	176.6000	25.20000	55.70000	1.000000	0.000000	0.000000	0.000000	0.000000	0.000000	0.000000	0.000000	0.000000	0.000000	0.000000
5.000000	1.230692	36.30000	171.6000	25.20000	55.10000	0.000000	1.000000	0.000000	0.000000	0.000000	0.000000	0.000000	0.000000	0.000000	0.000000	0.000000
4.530000	1.229192	36.10000	172.9000	25.30000	54.80000	0.000000	0.000000	1.000000	0.000000	0.000000	0.000000	0.000000	0.000000	0.000000	0.000000	0.000000
4.050000	1.228663	35.80000	174.7000	25.30000	55.30000	0.000000	0.000000	0.000000	1.000000	0.000000	0.000000	0.000000	0.000000	0.000000	0.000000	0.000000
3.940000	1.230250	36.00000	172.3000	25.40000	54.80000	0.000000	0.000000	0.000000	0.000000	1.000000	0.000000	0.000000	0.000000	0.000000	0.000000	0.000000
3.980000	1.232221	36.20000	175.6000	25.50000	54.80000	0.000000	0.000000	0.000000	0.000000	0.000000	1.000000	0.000000	0.000000	0.000000	0.000000	0.000000
3.790000	1.234222	35.70000	177.2000	25.60000	54.70000	0.000000	0.000000	0.000000	0.000000	0.000000	0.000000	1.000000	0.000000	0.000000	0.000000	0.000000
3.890000	1.234312	35.20000	177.2000	25.70000	55.70000	0.000000	0.000000	0.000000	0.000000	0.000000	0.000000	0.000000	1.000000	0.000000	0.000000	0.000000
4.000000	1.235142	35.50000	179.8000	25.70000	55.60000	0.000000	0.000000	0.000000	0.000000	0.000000	0.000000	0.000000	0.000000	1.000000	0.000000	0.000000
3.880000	1.235437	35.90000	181.9000	25.80000	56.10000	0.000000	0.000000	0.000000	0.000000	0.000000	0.000000	0.000000	0.000000	0.000000	1.000000	0.000000
4.120000	1.390659	36.50000	183.8000	25.90000	56.90000	0.000000	0.000000	0.000000	0.000000	0.000000	0.000000	0.000000	0.000000	0.000000	0.000000	1.000000
4.510000	1.397783	36.00000	188.4000	26.00000	57.50000	0.000000	0.000000	0.000000	0.000000	0.000000	0.000000	0.000000	0.000000	0.000000	0.000000	0.000000
4.680000	1.395010	36.30000	189.2000	26.10000	57.40000	1.000000	0.000000	0.000000	0.000000	0.000000	0.000000	0.000000	0.000000	0.000000	0.000000	0.000000
4.720000	1.399542	37.30000	183.0000	26.10000	57.70000	0.000000	1.000000	0.000000	0.000000	0.000000	0.000000	0.000000	0.000000	0.000000	0.000000	0.000000
5.050000	1.399774	37.20000	183.5000	26.30000	57.80000	0.000000	0.000000	1.000000	0.000000	0.000000	0.000000	0.000000	0.000000	0.000000	0.000000	0.000000
5.760000	1.401939	35.50000	187.3000	26.30000	57.90000	0.000000	0.000000	0.000000	1.000000	0.000000	0.000000	0.000000	0.000000	0.000000	0.000000	0.000000
6.120000	1.408571	35.20000	184.6000	26.40000	58.60000	0.000000	0.000000	0.000000	0.000000	1.000000	0.000000	0.000000	0.000000	0.000000	0.000000	0.000000
6.070000	1.409340	35.30000	188.2000	26.60000	58.80000	0.000000	0.000000	0.000000	0.000000	0.000000	1.000000	0.000000	0.000000	0.000000	0.000000	0.000000
6.020000	1.403967	34.80000	189.8000	26.70000	58.70000	0.000000	0.000000	0.000000	0.000000	0.000000	0.000000	1.000000	0.000000	0.000000	0.000000	0.000000
6.030000	1.408121	34.40000	189.5000	26.80000	58.90000	0.000000	0.000000	0.000000	0.000000	0.000000	0.000000	0.000000	1.000000	0.000000	0.000000	0.000000
5.780000	1.405255	34.80000	191.9000	26.90000	59.10000	0.000000	0.000000	0.000000	0.000000	0.000000	0.000000	0.000000	0.000000	1.000000	0.000000	0.000000
5.920000	1.404529	34.80000	194.2000	27.00000	59.20000	0.000000	0.000000	0.000000	0.000000	0.000000	0.000000	0.000000	0.000000	0.000000	1.000000	0.000000
5.810000	1.408122	35.20000	197.6000	27.10000	60.00000	0.000000	0.000000	0.000000	0.000000	0.000000	0.000000	0.000000	0.000000	0.000000	0.000000	1.000000
6.020000	1.408562	35.50000	202.8000	27.20000	60.20000	0.000000	0.000000	0.000000	0.000000	0.000000	0.000000	0.000000	0.000000	0.000000	0.000000	0.000000
6.300000	1.406098	36.10000	203.8000	27.30000	60.50000	1.000000	0.000000	0.000000	0.000000	0.000000	0.000000	0.000000	0.000000	0.000000	0.000000	0.000000
6.610000	1.404620	36.30000	197.3000	27.40000	60.90000	0.000000	1.000000	0.000000	0.000000	0.000000	0.000000	0.000000	0.000000	0.000000	0.000000	0.000000
6.790000	1.404162	36.40000	197.8000	27.60000	61.40000	0.000000	0.000000	1.000000	0.000000	0.000000	0.000000	0.000000	0.000000	0.000000	0.000000	0.000000
7.410000	1.407347	37.00000	201.5000	27.80000	61.20000	0.000000	0.000000	0.000000	1.000000	0.000000	0.000000	0.000000	0.000000	0.000000	0.000000	0.000000
8.670000	1.406109	37.30000	197.4000	27.90000	60.90000	0.000000	0.000000	0.000000	0.000000	1.000000	0.000000	0.000000	0.000000	0.000000	0.000000	0.000000
8.900000	1.405255	37.80000	200.2000	28.00000	61.50000	0.000000	0.000000	0.000000	0.000000	0.000000	1.000000	0.000000	0.000000	0.000000	0.000000	0.000000
8.610000	1.405640	37.50000	201.2000	28.20000	61.80000	0.000000	0.000000	0.000000	0.000000	0.000000	0.000000	1.000000	0.000000	0.000000	0.000000	0.000000
9.190000	1.420712	37.80000	199.5000	28.30000	62.00000	0.000000	0.000000	0.000000	0.000000	0.000000	0.000000	0.000000	1.000000	0.000000	0.000000	0.000000
9.150000	1.415450	37.50000	201.2000	28.40000	62.00000	0.000000	0.000000	0.000000	0.000000	0.000000	0.000000	0.000000	0.000000	1.000000	0.000000	0.000000
9.000000	1.403685	37.70000	202.9000	28.50000	62.00000	0.000000	0.000000	0.000000	0.000000	0.000000	0.000000	0.000000	0.000000	0.000000	1.000000	0.000000
8.850000	1.403391	38.00000	205.0000	28.70000	61.40000	0.000000	0.000000	0.000000	0.000000	0.000000	0.000000	0.000000	0.000000	0.000000	0.000000	1.000000
8.970000	1.401272	38.20000	209.4000	28.80000	61.20000	0.000000	0.000000	0.000000	0.000000	0.000000	0.000000	0.000000	0.000000	0.000000	0.000000	0.000000
8.980000	1.400338	38.60000	210.8000	28.90000	60.10000	1.000000	0.000000	0.000000	0.000000	0.000000	0.000000	0.000000	0.000000	0.000000	0.000000	0.000000
8.980000	1.398123	38.90000	202.0000	29.10000	60.10000	0.000000	1.000000	0.000000	0.000000	0.000000	0.000000	0.000000	0.000000	0.000000	0.000000	0.000000
7.760000	1.397364	39.10000	203.5000	29.30000	60.00000	0.000000	0.000000	1.000000	0.000000	0.000000	0.000000	0.000000	0.000000	0.000000	0.000000	0.000000
8.100000	1.396739	39.40000	208.1000	29.40000	59.80000	0.000000	0.000000	0.000000	1.000000	0.000000	0.000000	0.000000	0.000000	0.000000	0.000000	0.000000
7.940000	1.398803	39.20000	204.3000	29.60000	59.80000	0.000000	0.000000	0.000000	0.000000	1.000000	0.000000	0.000000	0.000000	0.000000	0.000000	0.000000
7.600000	1.401811	38.90000	206.9000	29.70000	59.60000	0.000000	0.000000	0.000000	0.000000	0.000000	1.000000	0.000000	0.000000	0.000000	0.000000	0.000000
7.210000	1.403931	38.70000	208.1000	29.80000	59.70000	0.000000	0.000000	0.000000	0.000000	0.000000	0.000000	1.000000	0.000000	0.000000	0.000000	0.000000
6.610000	1.407638	38.60000	208.0000	29.90000	59.60000	0.000000	0.000000	0.000000	0.000000	0.000000	0.000000	0.000000	1.000000	0.000000	0.000000	0.000000
6.290000	1.405447	38.70000	210.8000	30.00000	59.20000	0.000000	0.000000	0.000000	0.000000	0.000000	0.000000	0.000000	0.000000	1.000000	0.000000	0.000000
6.200000	1.404237	38.40000	212.3000	30.20000	58.00000	0.000000	0.000000	0.000000	0.000000	0.000000	0.000000	0.000000	0.000000	0.000000	1.000000	0.000000
5.600000	1.405041	38.50000	214.5000	30.30000	57.70000	0.000000	0.000000	0.000000	0.000000	0.000000	0.000000	0.000000	0.000000	0.000000	0.000000	1.000000
4.900000	1.403181	38.50000	220.1000	30.40000	59.00000	0.000000	0.000000	0.000000	0.000000	0.000000	0.000000	0.000000	0.000000	0.000000	0.000000	0.000000
4.140000	1.390956	38.50000	220.4000	30.50000	59.40000	1.000000	0.000000	0.000000	0.000000	0.000000	0.000000	0.000000	0.000000	0.000000	0.000000	0.000000
3.720000	1.391681	38.30000	214.3000	30.50000	59.30000	0.000000	1.000000	0.000000	0.000000	0.000000	0.000000	0.000000	0.000000	0.000000	0.000000	0.000000
3.710000	1.391195	38.50000	216.4000	30.60000	59.30000	0.000000	0.000000	1.000000	0.000000	0.000000	0.000000	0.000000	0.000000	0.000000	0.000000	0.000000
4.150000	1.390065	38.70000	221.4000	30.70000	59.60000	0.000000	0.000000	0.000000	1.000000	0.000000	0.000000	0.000000	0.000000	0.000000	0.000000	0.000000
4.630000	1.387617	38.60000	218.8000	30.90000	59.90000	0.000000	0.000000	0.000000	0.000000	1.000000	0.000000	0.000000	0.000000	0.000000	0.000000	0.000000
4.910000	1.384950	38.40000	222.9000	31.00000	60.20000	0.000000	0.000000	0.000000	0.000000	0.000000	1.000000	0.000000	0.000000	0.000000	0.000000	0.000000
5.310000	1.383771	38.60000	225.1000	31.10000	60.00000	0.000000	0.000000	0.000000	0.000000	0.000000	0.000000	1.000000	0.000000	0.000000	0.000000	0.000000
5.570000	1.365207	38.30000	223.6000	31.20000	59.60000	0.000000	0.000000	0.000000	0.000000	0.000000	0.000000	0.000000	1.000000	0.000000	0.000000	0.000000
5.550000	1.347041	37.30000	225.4000	31.20000	60.60000	0.000000	0.000000	0.000000	0.000000	0.000000	0.000000	0.000000	0.000000	1.000000	0.000000	0.000000
5.200000	1.344988	37.10000	226.6000	31.30000	61.00000	0.000000	0.000000	0.000000	0.000000	0.000000	0.000000	0.000000	0.000000	0.000000	1.000000	0.000000
4.910000	1.342693	37.10000	228.8000	31.30000	61.30000	0.000000	0.000000	0.000000	0.000000	0.000000	0.000000	0.000000	0.000000	0.000000	0.000000	1.000000
4.140000	1.308428	37.70000	234.5000	31.50000	62.00000	0.000000	0.000000	0.000000	0.000000	0.000000	0.000000	0.000000	0.000000	0.000000	0.000000	0.000000
3.500000	1.288608	38.50000	235.0000	31.50000	63.40000	1.000000	0.000000	0.000000	0.000000	0.000000	0.000000	0.000000	0.000000	0.000000	0.000000	0.000000
3.290000	1.282664	38.80000	228.9000	31.60000	63.80000	0.000000	1.000000	0.000000	0.000000	0.000000	0.000000	0.000000	0.000000	0.000000	0.000000	0.000000
3.830000	1.277886	39.70000	231.7000	31.70000	64.40000	0.000000	0.000000	1.000000	0.000000	0.000000	0.000000	0.000000	0.000000	0.000000	0.000000	0.000000
4.170000	1.280221	40.00000	236.9000	31.80000	65.40000	0.000000	0.000000	0.000000	1.000000	0.000000	0.000000	0.000000	0.000000	0.000000	0.000000	0.000000
4.270000	1.279406	39.90000	232.2000	31.90000	65.20000	0.000000	0.000000	0.000000	0.000000	1.000000	0.000000	0.000000	0.000000	0.000000	0.000000	0.000000
4.460000	1.351489	39.60000	236.1000	31.90000	65.40000	0.000000	0.000000	0.000000	0.000000	0.000000	1.000000	0.000000	0.000000	0.000000	0.000000	0.000000
4.550000	1.349587	39.50000	239.1000	32.10000	65.30000	0.000000	0.000000	0.000000	0.000000	0.000000	0.000000	1.000000	0.000000	0.000000	0.000000	0.000000
4.800000	1.350983	40.40000	238.7000	32.10000	66.20000	0.000000	0.000000	0.000000	0.000000	0.000000	0.000000	0.000000	1.000000	0.000000	0.000000	0.000000
4.870000	1.364542	41.70000	241.9000	32.20000	67.00000	0.000000	0.000000	0.000000	0.000000	0.000000	0.000000	0.000000	0.000000	1.000000	0.000000	0.000000
5.040000	1.402081	43.20000	244.2000	32.30000	67.90000	0.000000	0.000000	0.000000	0.000000	0.000000	0.000000	0.000000	0.000000	0.000000	1.000000	0.000000
5.060000	1.396440	44.00000	247.7000	32.40000	68.70000	0.000000	0.000000	0.000000	0.000000	0.000000	0.000000	0.000000	0.000000	0.000000	0.000000	1.000000
5.330000	1.398973	47.20000	256.1000	32.50000	69.40000	0.000000	0.000000	0.000000	0.000000	0.000000	0.000000	0.000000	0.000000	0.000000	0.000000	0.000000
5.940000	1.380402	50.80000	256.4000	32.60000	69.40000	1.000000	0.000000	0.000000	0.000000	0.000000	0.000000	0.000000	0.000000	0.000000	0.000000	0.000000
6.580000	1.306064	54.60000	248.4000	32.90000	70.40000	0.000000	1.000000	0.000000	0.000000	0.000000	0.000000	0.000000	0.000000	0.000000	0.000000	0.000000
7.090000	1.309771	57.10000	248.8000	33.20000	70.40000	0.000000	0.000000	1.000000	0.000000	0.000000	0.000000	0.000000	0.000000	0.000000	0.000000	0.000000
7.120000	1.305242	57.10000	254.0000	33.40000	70.60000	0.000000	0.000000	0.000000	1.000000	0.000000	0.000000	0.000000	0.000000	0.000000	0.000000	0.000000
7.840000	1.264297	61.50000	250.8000	33.60000	70.90000	0.000000	0.000000	0.000000	0.000000	1.000000	0.000000	0.000000	0.000000	0.000000	0.000000	0.000000
8.490000	1.233902	68.10000	256.4000	33.80000	71.50000	0.000000	0.000000	0.000000	0.000000	0.000000	1.000000	0.000000	0.000000	0.000000	0.000000	0.000000
10.40000	1.256198	71.30000	258.1000	33.90000	71.90000	0.000000	0.000000	0.000000	0.000000	0.000000	0.000000	1.000000	0.000000	0.000000	0.000000	0.000000
10.50000	1.290554	76.60000	255.6000	34.50000	71.90000	0.000000	0.000000	0.000000	0.000000	0.000000	0.000000	0.000000	1.000000	0.000000	0.000000	0.000000
10.78000	1.304394	72.50000	256.5000	34.60000	72.40000	0.000000	0.000000	0.000000	0.000000	0.000000	0.000000	0.000000	0.000000	1.000000	0.000000	0.000000
10.01000	1.295737	72.90000	258.3000	34.90000	72.70000	0.000000	0.000000	0.000000	0.000000	0.000000	0.000000	0.000000	0.000000	0.000000	1.000000	0.000000
10.03000	1.355428	74.00000	262.7000	35.20000	72.70000	0.000000	0.000000	0.000000	0.000000	0.000000	0.000000	0.000000	0.000000	0.000000	0.000000	1.000000
9.950000	1.374991	79.60000	270.2000	35.40000	71.60000	0.000000	0.000000	0.000000	0.000000	0.000000	0.000000	0.000000	0.000000	0.000000	0.000000	0.000000
9.650000	1.410511	83.00000	268.6000	35.70000	70.60000	1.000000	0.000000	0.000000	0.000000	0.000000	0.000000	0.000000	0.000000	0.000000	0.000000	0.000000
8.970000	1.383358	86.30000	261.1000	36.20000	70.30000	0.000000	1.000000	0.000000	0.000000	0.000000	0.000000	0.000000	0.000000	0.000000	0.000000	0.000000
9.350000	1.333532	85.20000	263.5000	36.60000	70.60000	0.000000	0.000000	1.000000	0.000000	0.000000	0.000000	0.000000	0.000000	0.000000	0.000000	0.000000
10.51000	1.311402	82.50000	268.5000	36.80000	70.50000	0.000000	0.000000	0.000000	1.000000	0.000000	0.000000	0.000000	0.000000	0.000000	0.000000	0.000000
11.31000	1.335293	80.10000	263.3000	37.20000	71.30000	0.000000	0.000000	0.000000	0.000000	1.000000	0.000000	0.000000	0.000000	0.000000	0.000000	0.000000
11.93000	1.336560	77.10000	268.3000	37.50000	71.60000	0.000000	0.000000	0.000000	0.000000	0.000000	1.000000	0.000000	0.000000	0.000000	0.000000	0.000000
12.92000	1.342711	78.70000	270.1000	37.80000	71.20000	0.000000	0.000000	0.000000	0.000000	0.000000	0.000000	1.000000	0.000000	0.000000	0.000000	0.000000
12.01000	1.377526	80.90000	268.1000	38.30000	71.00000	0.000000	0.000000	0.000000	0.000000	0.000000	0.000000	0.000000	1.000000	0.000000	0.000000	0.000000
11.34000	1.368205	77.50000	269.7000	38.80000	71.30000	0.000000	0.000000	0.000000	0.000000	0.000000	0.000000	0.000000	0.000000	1.000000	0.000000	0.000000
10.06000	1.361575	80.10000	271.7000	39.10000	70.80000	0.000000	0.000000	0.000000	0.000000	0.000000	0.000000	0.000000	0.000000	0.000000	1.000000	0.000000
9.450000	1.357489	78.70000	275.7000	39.40000	68.70000	0.000000	0.000000	0.000000	0.000000	0.000000	0.000000	0.000000	0.000000	0.000000	0.000000	1.000000
8.530000	1.336970	76.20000	281.8000	39.70000	65.90000	0.000000	0.000000	0.000000	0.000000	0.000000	0.000000	0.000000	0.000000	0.000000	0.000000	0.000000
7.130000	1.315963	72.30000	278.5000	39.90000	64.20000	1.000000	0.000000	0.000000	0.000000	0.000000	0.000000	0.000000	0.000000	0.000000	0.000000	0.000000
6.240000	1.287028	68.90000	269.9000	40.20000	63.10000	0.000000	1.000000	0.000000	0.000000	0.000000	0.000000	0.000000	0.000000	0.000000	0.000000	0.000000
5.540000	1.300362	68.00000	272.9000	40.30000	62.00000	0.000000	0.000000	1.000000	0.000000	0.000000	0.000000	0.000000	0.000000	0.000000	0.000000	0.000000
5.490000	1.325044	67.40000	277.7000	40.50000	62.60000	0.000000	0.000000	0.000000	1.000000	0.000000	0.000000	0.000000	0.000000	0.000000	0.000000	0.000000
5.220000	1.338634	64.90000	274.4000	40.70000	62.40000	0.000000	0.000000	0.000000	0.000000	1.000000	0.000000	0.000000	0.000000	0.000000	0.000000	0.000000
5.550000	1.392000	63.50000	282.3000	41.00000	63.20000	0.000000	0.000000	0.000000	0.000000	0.000000	1.000000	0.000000	0.000000	0.000000	0.000000	0.000000
6.100000	1.445478	65.90000	284.4000	41.50000	63.60000	0.000000	0.000000	0.000000	0.000000	0.000000	0.000000	1.000000	0.000000	0.000000	0.000000	0.000000
6.140000	1.465983	70.00000	282.7000	41.60000	64.70000	0.000000	0.000000	0.000000	0.000000	0.000000	0.000000	0.000000	1.000000	0.000000	0.000000	0.000000
6.240000	1.514921	68.70000	284.3000	41.80000	65.40000	0.000000	0.000000	0.000000	0.000000	0.000000	0.000000	0.000000	0.000000	1.000000	0.000000	0.000000
5.820000	1.481413	67.60000	284.9000	42.10000	65.70000	0.000000	0.000000	0.000000	0.000000	0.000000	0.000000	0.000000	0.000000	0.000000	1.000000	0.000000
5.220000	1.523912	65.30000	289.9000	42.30000	66.30000	0.000000	0.000000	0.000000	0.000000	0.000000	0.000000	0.000000	0.000000	0.000000	0.000000	1.000000
5.200000	1.520297	65.00000	295.3000	42.50000	66.80000	0.000000	0.000000	0.000000	0.000000	0.000000	0.000000	0.000000	0.000000	0.000000	0.000000	0.000000
4.870000	1.514450	66.50000	293.2000	42.60000	67.60000	1.000000	0.000000	0.000000	0.000000	0.000000	0.000000	0.000000	0.000000	0.000000	0.000000	0.000000
4.770000	1.513352	68.30000	285.3000	42.70000	68.80000	0.000000	1.000000	0.000000	0.000000	0.000000	0.000000	0.000000	0.000000	0.000000	0.000000	0.000000
4.840000	1.582791	69.10000	287.7000	42.80000	68.60000	0.000000	0.000000	1.000000	0.000000	0.000000	0.000000	0.000000	0.000000	0.000000	0.000000	0.000000
4.820000	1.628529	71.30000	296.1000	43.00000	68.90000	0.000000	0.000000	0.000000	1.000000	0.000000	0.000000	0.000000	0.000000	0.000000	0.000000	0.000000
5.290000	1.691955	73.60000	291.3000	43.20000	69.70000	0.000000	0.000000	0.000000	0.000000	1.000000	0.000000	0.000000	0.000000	0.000000	0.000000	0.000000
5.480000	1.677789	76.40000	295.6000	43.50000	69.70000	0.000000	0.000000	0.000000	0.000000	0.000000	1.000000	0.000000	0.000000	0.000000	0.000000	0.000000
5.310000	1.677698	77.70000	298.4000	43.70000	70.10000	0.000000	0.000000	0.000000	0.000000	0.000000	0.000000	1.000000	0.000000	0.000000	0.000000	0.000000
5.290000	1.682747	76.60000	297.1000	43.90000	70.50000	0.000000	0.000000	0.000000	0.000000	0.000000	0.000000	0.000000	1.000000	0.000000	0.000000	0.000000
5.250000	1.743390	77.60000	298.6000	44.10000	70.70000	0.000000	0.000000	0.000000	0.000000	0.000000	0.000000	0.000000	0.000000	1.000000	0.000000	0.000000
5.030000	1.797554	76.70000	302.9000	44.30000	71.00000	0.000000	0.000000	0.000000	0.000000	0.000000	0.000000	0.000000	0.000000	0.000000	1.000000	0.000000
4.950000	1.763750	77.00000	305.7000	44.40000	72.20000	0.000000	0.000000	0.000000	0.000000	0.000000	0.000000	0.000000	0.000000	0.000000	0.000000	1.000000
4.650000	1.716505	79.40000	314.5000	44.50000	72.70000	0.000000	0.000000	0.000000	0.000000	0.000000	0.000000	0.000000	0.000000	0.000000	0.000000	0.000000
4.610000	1.715554	82.40000	313.6000	44.80000	73.10000	1.000000	0.000000	0.000000	0.000000	0.000000	0.000000	0.000000	0.000000	0.000000	0.000000	0.000000
4.680000	1.716115	85.90000	304.9000	45.30000	73.20000	0.000000	1.000000	0.000000	0.000000	0.000000	0.000000	0.000000	0.000000	0.000000	0.000000	0.000000
4.690000	1.706793	91.90000	308.2000	45.50000	74.00000	0.000000	0.000000	1.000000	0.000000	0.000000	0.000000	0.000000	0.000000	0.000000	0.000000	0.000000
4.730000	1.703222	92.80000	318.6000	45.90000	75.10000	0.000000	0.000000	0.000000	1.000000	0.000000	0.000000	0.000000	0.000000	0.000000	0.000000	0.000000
5.350000	1.703757	88.60000	311.6000	46.10000	75.80000	0.000000	0.000000	0.000000	0.000000	1.000000	0.000000	0.000000	0.000000	0.000000	0.000000	0.000000
5.390000	1.698561	83.80000	317.7000	46.50000	76.40000	0.000000	0.000000	0.000000	0.000000	0.000000	1.000000	0.000000	0.000000	0.000000	0.000000	0.000000
5.420000	1.678458	78.80000	322.2000	46.70000	76.50000	0.000000	0.000000	0.000000	0.000000	0.000000	0.000000	1.000000	0.000000	0.000000	0.000000	0.000000
5.900000	1.679846	75.40000	320.2000	46.80000	76.80000	0.000000	0.000000	0.000000	0.000000	0.000000	0.000000	0.000000	1.000000	0.000000	0.000000	0.000000
6.140000	1.675326	74.90000	323.7000	47.00000	77.20000	0.000000	0.000000	0.000000	0.000000	0.000000	0.000000	0.000000	0.000000	1.000000	0.000000	0.000000
6.470000	1.608940	75.00000	327.9000	47.10000	77.00000	0.000000	0.000000	0.000000	0.000000	0.000000	0.000000	0.000000	0.000000	0.000000	1.000000	0.000000
6.510000	1.616969	77.30000	331.4000	47.40000	77.00000	0.000000	0.000000	0.000000	0.000000	0.000000	0.000000	0.000000	0.000000	0.000000	0.000000	1.000000
6.560000	1.539788	78.70000	340.0000	47.60000	76.70000	0.000000	0.000000	0.000000	0.000000	0.000000	0.000000	0.000000	0.000000	0.000000	0.000000	0.000000
6.700000	1.515511	79.50000	339.3000	47.80000	76.50000	1.000000	0.000000	0.000000	0.000000	0.000000	0.000000	0.000000	0.000000	0.000000	0.000000	0.000000
6.780000	1.515449	80.20000	327.9000	48.10000	76.50000	0.000000	1.000000	0.000000	0.000000	0.000000	0.000000	0.000000	0.000000	0.000000	0.000000	0.000000
6.790000	1.554349	82.50000	330.8000	48.50000	77.30000	0.000000	0.000000	1.000000	0.000000	0.000000	0.000000	0.000000	0.000000	0.000000	0.000000	0.000000
6.890000	1.577151	84.50000	343.4000	48.90000	79.90000	0.000000	0.000000	0.000000	1.000000	0.000000	0.000000	0.000000	0.000000	0.000000	0.000000	0.000000
7.360000	1.587466	83.20000	338.2000	49.40000	79.90000	0.000000	0.000000	0.000000	0.000000	1.000000	0.000000	0.000000	0.000000	0.000000	0.000000	0.000000
7.600000	1.556970	82.50000	345.2000	49.90000	80.80000	0.000000	0.000000	0.000000	0.000000	0.000000	1.000000	0.000000	0.000000	0.000000	0.000000	0.000000
7.810000	1.506311	80.20000	349.5000	50.30000	81.00000	0.000000	0.000000	0.000000	0.000000	0.000000	0.000000	1.000000	0.000000	0.000000	0.000000	0.000000
8.040000	1.492051	81.50000	347.5000	50.50000	81.20000	0.000000	0.000000	0.000000	0.000000	0.000000	0.000000	0.000000	1.000000	0.000000	0.000000	0.000000
8.450000	1.468368	85.00000	352.7000	50.90000	81.60000	0.000000	0.000000	0.000000	0.000000	0.000000	0.000000	0.000000	0.000000	1.000000	0.000000	0.000000
8.960000	1.368794	87.80000	354.9000	51.30000	82.10000	0.000000	0.000000	0.000000	0.000000	0.000000	0.000000	0.000000	0.000000	0.000000	1.000000	0.000000
9.760000	1.480962	87.20000	358.5000	51.60000	82.50000	0.000000	0.000000	0.000000	0.000000	0.000000	0.000000	0.000000	0.000000	0.000000	0.000000	1.000000
10.03000	1.415469	86.90000	367.9000	51.80000	82.80000	0.000000	0.000000	0.000000	0.000000	0.000000	0.000000	0.000000	0.000000	0.000000	0.000000	0.000000
10.07000	1.443168	89.20000	363.3000	52.30000	82.40000	1.000000	0.000000	0.000000	0.000000	0.000000	0.000000	0.000000	0.000000	0.000000	0.000000	0.000000
10.06000	1.427199	92.10000	351.7000	52.90000	83.10000	0.000000	1.000000	0.000000	0.000000	0.000000	0.000000	0.000000	0.000000	0.000000	0.000000	0.000000
10.09000	1.407590	95.30000	356.1000	53.40000	83.30000	0.000000	0.000000	1.000000	0.000000	0.000000	0.000000	0.000000	0.000000	0.000000	0.000000	0.000000
10.01000	1.420026	96.20000	371.3000	54.00000	82.50000	0.000000	0.000000	0.000000	1.000000	0.000000	0.000000	0.000000	0.000000	0.000000	0.000000	0.000000
10.24000	1.418111	97.80000	362.2000	54.70000	83.50000	0.000000	0.000000	0.000000	0.000000	1.000000	0.000000	0.000000	0.000000	0.000000	0.000000	0.000000
10.29000	1.357105	104.9000	371.9000	55.30000	83.50000	0.000000	0.000000	0.000000	0.000000	0.000000	1.000000	0.000000	0.000000	0.000000	0.000000	0.000000
10.47000	1.305421	106.4000	378.4000	55.90000	82.90000	0.000000	0.000000	0.000000	0.000000	0.000000	0.000000	1.000000	0.000000	0.000000	0.000000	0.000000
10.94000	1.317097	105.1000	376.9000	56.50000	82.50000	0.000000	0.000000	0.000000	0.000000	0.000000	0.000000	0.000000	1.000000	0.000000	0.000000	0.000000
11.43000	1.324575	106.9000	380.5000	57.10000	82.60000	0.000000	0.000000	0.000000	0.000000	0.000000	0.000000	0.000000	0.000000	1.000000	0.000000	0.000000
13.77000	1.393778	106.1000	382.6000	57.60000	83.00000	0.000000	0.000000	0.000000	0.000000	0.000000	0.000000	0.000000	0.000000	0.000000	1.000000	0.000000
13.18000	1.323075	105.4000	384.4000	58.10000	82.50000	0.000000	0.000000	0.000000	0.000000	0.000000	0.000000	0.000000	0.000000	0.000000	0.000000	1.000000
13.78000	1.309565	106.9000	393.2000	58.70000	82.40000	0.000000	0.000000	0.000000	0.000000	0.000000	0.000000	0.000000	0.000000	0.000000	0.000000	0.000000
13.82000	1.293228	109.1000	390.4000	59.60000	82.80000	1.000000	0.000000	0.000000	0.000000	0.000000	0.000000	0.000000	0.000000	0.000000	0.000000	0.000000
14.13000	1.295458	112.7000	380.8000	60.40000	82.80000	0.000000	1.000000	0.000000	0.000000	0.000000	0.000000	0.000000	0.000000	0.000000	0.000000	0.000000
17.19000	1.375021	107.3000	382.2000	61.30000	82.80000	0.000000	0.000000	1.000000	0.000000	0.000000	0.000000	0.000000	0.000000	0.000000	0.000000	0.000000
17.61000	1.305838	103.8000	386.7000	62.00000	81.20000	0.000000	0.000000	0.000000	1.000000	0.000000	0.000000	0.000000	0.000000	0.000000	0.000000	0.000000
10.98000	1.276020	105.4000	377.8000	62.60000	79.20000	0.000000	0.000000	0.000000	0.000000	1.000000	0.000000	0.000000	0.000000	0.000000	0.000000	0.000000
9.470000	1.257845	104.4000	387.3000	63.30000	78.20000	0.000000	0.000000	0.000000	0.000000	0.000000	1.000000	0.000000	0.000000	0.000000	0.000000	0.000000
9.030000	1.272163	106.3000	394.6000	63.30000	77.70000	0.000000	0.000000	0.000000	0.000000	0.000000	0.000000	1.000000	0.000000	0.000000	0.000000	0.000000
9.610000	1.251877	107.4000	398.3000	63.70000	78.60000	0.000000	0.000000	0.000000	0.000000	0.000000	0.000000	0.000000	1.000000	0.000000	0.000000	0.000000
10.87000	1.256585	109.3000	404.7000	64.30000	79.70000	0.000000	0.000000	0.000000	0.000000	0.000000	0.000000	0.000000	0.000000	1.000000	0.000000	0.000000
12.81000	1.251311	107.1000	410.7000	64.90000	80.30000	0.000000	0.000000	0.000000	0.000000	0.000000	0.000000	0.000000	0.000000	0.000000	1.000000	0.000000
15.85000	1.287389	108.4000	415.8000	65.50000	81.60000	0.000000	0.000000	0.000000	0.000000	0.000000	0.000000	0.000000	0.000000	0.000000	0.000000	1.000000
18.90000	1.281299	104.3000	419.5000	66.00000	82.00000	0.000000	0.000000	0.000000	0.000000	0.000000	0.000000	0.000000	0.000000	0.000000	0.000000	0.000000
19.08000	1.303657	105.2000	416.4000	66.60000	81.30000	1.000000	0.000000	0.000000	0.000000	0.000000	0.000000	0.000000	0.000000	0.000000	0.000000	0.000000
15.93000	1.389545	101.8000	405.5000	67.30000	81.70000	0.000000	1.000000	0.000000	0.000000	0.000000	0.000000	0.000000	0.000000	0.000000	0.000000	0.000000
14.70000	1.366859	100.7000	412.2000	67.70000	82.10000	0.000000	0.000000	1.000000	0.000000	0.000000	0.000000	0.000000	0.000000	0.000000	0.000000	0.000000
15.72000	1.435263	100.5000	431.0000	68.20000	81.50000	0.000000	0.000000	0.000000	1.000000	0.000000	0.000000	0.000000	0.000000	0.000000	0.000000	0.000000
18.52000	1.490293	98.40000	418.5000	68.70000	82.20000	0.000000	0.000000	0.000000	0.000000	1.000000	0.000000	0.000000	0.000000	0.000000	0.000000	0.000000
19.10000	1.574569	95.50000	422.8000	69.30000	82.70000	0.000000	0.000000	0.000000	0.000000	0.000000	1.000000	0.000000	0.000000	0.000000	0.000000	0.000000
19.04000	1.641488	94.90000	427.7000	70.10000	83.40000	0.000000	0.000000	0.000000	0.000000	0.000000	0.000000	1.000000	0.000000	0.000000	0.000000	0.000000
17.82000	1.649659	94.40000	425.9000	70.60000	83.10000	0.000000	0.000000	0.000000	0.000000	0.000000	0.000000	0.000000	1.000000	0.000000	0.000000	0.000000
15.87000	1.656312	92.70000	427.0000	71.40000	82.40000	0.000000	0.000000	0.000000	0.000000	0.000000	0.000000	0.000000	0.000000	1.000000	0.000000	0.000000
15.08000	1.619889	91.80000	429.7000	71.50000	81.80000	0.000000	0.000000	0.000000	0.000000	0.000000	0.000000	0.000000	0.000000	0.000000	1.000000	0.000000
13.31000	1.533432	92.30000	435.1000	71.70000	80.60000	0.000000	0.000000	0.000000	0.000000	0.000000	0.000000	0.000000	0.000000	0.000000	0.000000	1.000000
12.37000	1.581016	92.20000	447.0000	71.90000	79.70000	0.000000	0.000000	0.000000	0.000000	0.000000	0.000000	0.000000	0.000000	0.000000	0.000000	0.000000
13.22000	1.605633	94.30000	448.4000	72.20000	78.40000	1.000000	0.000000	0.000000	0.000000	0.000000	0.000000	0.000000	0.000000	0.000000	0.000000	0.000000
14.78000	1.664232	93.40000	432.4000	72.40000	80.10000	0.000000	1.000000	0.000000	0.000000	0.000000	0.000000	0.000000	0.000000	0.000000	0.000000	0.000000
14.68000	1.694786	90.80000	435.6000	72.30000	79.60000	0.000000	0.000000	1.000000	0.000000	0.000000	0.000000	0.000000	0.000000	0.000000	0.000000	0.000000
14.94000	1.676688	90.10000	451.1000	72.60000	78.80000	0.000000	0.000000	0.000000	1.000000	0.000000	0.000000	0.000000	0.000000	0.000000	0.000000	0.000000
14.45000	1.677030	89.90000	440.9000	73.40000	78.20000	0.000000	0.000000	0.000000	0.000000	1.000000	0.000000	0.000000	0.000000	0.000000	0.000000	0.000000
14.15000	1.742762	86.00000	446.2000	74.30000	78.00000	0.000000	0.000000	0.000000	0.000000	0.000000	1.000000	0.000000	0.000000	0.000000	0.000000	0.000000
12.59000	1.740894	84.80000	449.5000	74.70000	77.30000	0.000000	0.000000	0.000000	0.000000	0.000000	0.000000	1.000000	0.000000	0.000000	0.000000	0.000000
10.12000	1.764252	83.60000	449.8000	74.80000	76.90000	0.000000	0.000000	0.000000	0.000000	0.000000	0.000000	0.000000	1.000000	0.000000	0.000000	0.000000
10.31000	1.791999	83.30000	456.2000	74.90000	76.30000	0.000000	0.000000	0.000000	0.000000	0.000000	0.000000	0.000000	0.000000	1.000000	0.000000	0.000000
9.710000	1.814464	82.20000	465.7000	75.10000	75.70000	0.000000	0.000000	0.000000	0.000000	0.000000	0.000000	0.000000	0.000000	0.000000	1.000000	0.000000
9.200000	1.851466	83.10000	474.4000	75.00000	75.50000	0.000000	0.000000	0.000000	0.000000	0.000000	0.000000	0.000000	0.000000	0.000000	0.000000	1.000000
8.950000	1.827947	84.20000	485.8000	74.70000	74.90000	0.000000	0.000000	0.000000	0.000000	0.000000	0.000000	0.000000	0.000000	0.000000	0.000000	0.000000
8.680000	1.915757	84.80000	482.8000	74.90000	76.50000	1.000000	0.000000	0.000000	0.000000	0.000000	0.000000	0.000000	0.000000	0.000000	0.000000	0.000000
8.510000	1.919320	86.50000	474.2000	74.90000	76.30000	0.000000	1.000000	0.000000	0.000000	0.000000	0.000000	0.000000	0.000000	0.000000	0.000000	0.000000
8.770000	1.967678	88.20000	482.7000	75.00000	77.10000	0.000000	0.000000	1.000000	0.000000	0.000000	0.000000	0.000000	0.000000	0.000000	0.000000	0.000000
8.800000	1.897456	90.80000	498.6000	75.50000	78.00000	0.000000	0.000000	0.000000	1.000000	0.000000	0.000000	0.000000	0.000000	0.000000	0.000000	0.000000
8.630000	1.867372	92.90000	493.9000	75.90000	79.00000	0.000000	0.000000	0.000000	0.000000	1.000000	0.000000	0.000000	0.000000	0.000000	0.000000	0.000000
8.980000	1.942768	91.80000	503.5000	76.20000	79.40000	0.000000	0.000000	0.000000	0.000000	0.000000	1.000000	0.000000	0.000000	0.000000	0.000000	0.000000
9.370000	1.971435	93.40000	510.5000	76.50000	80.80000	0.000000	0.000000	0.000000	0.000000	0.000000	0.000000	1.000000	0.000000	0.000000	0.000000	0.000000
9.560000	2.010559	98.10000	508.2000	76.70000	81.90000	0.000000	0.000000	0.000000	0.000000	0.000000	0.000000	0.000000	1.000000	0.000000	0.000000	0.000000
9.450000	1.996295	98.90000	511.4000	77.10000	83.30000	0.000000	0.000000	0.000000	0.000000	0.000000	0.000000	0.000000	0.000000	1.000000	0.000000	0.000000
9.480000	1.994280	98.80000	517.2000	77.30000	84.00000	0.000000	0.000000	0.000000	0.000000	0.000000	0.000000	0.000000	0.000000	0.000000	1.000000	0.000000
9.340000	2.039069	98.40000	521.8000	77.40000	83.90000	0.000000	0.000000	0.000000	0.000000	0.000000	0.000000	0.000000	0.000000	0.000000	0.000000	1.000000
9.470000	2.059908	98.80000	533.3000	77.50000	84.30000	0.000000	0.000000	0.000000	0.000000	0.000000	0.000000	0.000000	0.000000	0.000000	0.000000	0.000000
9.560000	2.128461	99.00000	530.2000	78.00000	86.10000	1.000000	0.000000	0.000000	0.000000	0.000000	0.000000	0.000000	0.000000	0.000000	0.000000	0.000000
9.590000	1.998350	98.10000	516.9000	78.30000	85.90000	0.000000	1.000000	0.000000	0.000000	0.000000	0.000000	0.000000	0.000000	0.000000	0.000000	0.000000
9.910000	2.042420	99.70000	523.2000	78.50000	86.90000	0.000000	0.000000	1.000000	0.000000	0.000000	0.000000	0.000000	0.000000	0.000000	0.000000	0.000000
10.29000	2.117675	99.80000	539.9000	78.90000	87.30000	0.000000	0.000000	0.000000	1.000000	0.000000	0.000000	0.000000	0.000000	0.000000	0.000000	0.000000
10.32000	2.134396	100.0000	530.7000	79.10000	87.80000	0.000000	0.000000	0.000000	0.000000	1.000000	0.000000	0.000000	0.000000	0.000000	0.000000	0.000000
11.06000	2.182080	96.60000	541.4000	79.40000	88.20000	0.000000	0.000000	0.000000	0.000000	0.000000	1.000000	0.000000	0.000000	0.000000	0.000000	0.000000
11.23000	2.262671	91.00000	543.4000	79.60000	88.40000	0.000000	0.000000	0.000000	0.000000	0.000000	0.000000	1.000000	0.000000	0.000000	0.000000	0.000000
11.64000	2.254722	90.10000	539.0000	80.00000	88.40000	0.000000	0.000000	0.000000	0.000000	0.000000	0.000000	0.000000	1.000000	0.000000	0.000000	0.000000
11.30000	2.366400	88.70000	542.5000	80.40000	88.30000	0.000000	0.000000	0.000000	0.000000	0.000000	0.000000	0.000000	0.000000	1.000000	0.000000	0.000000
9.990000	2.412228	87.40000	542.2000	80.60000	87.90000	0.000000	0.000000	0.000000	0.000000	0.000000	0.000000	0.000000	0.000000	0.000000	1.000000	0.000000
9.430000	2.451260	86.90000	549.8000	80.60000	87.90000	0.000000	0.000000	0.000000	0.000000	0.000000	0.000000	0.000000	0.000000	0.000000	0.000000	1.000000
8.380000	2.527809	84.80000	564.6000	80.60000	87.50000	0.000000	0.000000	0.000000	0.000000	0.000000	0.000000	0.000000	0.000000	0.000000	0.000000	0.000000
8.350000	2.579960	85.00000	561.1000	80.80000	87.90000	1.000000	0.000000	0.000000	0.000000	0.000000	0.000000	0.000000	0.000000	0.000000	0.000000	0.000000
8.500000	2.679095	84.00000	551.9000	81.10000	88.60000	0.000000	1.000000	0.000000	0.000000	0.000000	0.000000	0.000000	0.000000	0.000000	0.000000	0.000000
8.580000	2.386138	83.90000	558.4000	81.50000	88.80000	0.000000	0.000000	1.000000	0.000000	0.000000	0.000000	0.000000	0.000000	0.000000	0.000000	0.000000
8.270000	2.385093	84.70000	575.1000	81.80000	89.00000	0.000000	0.000000	0.000000	1.000000	0.000000	0.000000	0.000000	0.000000	0.000000	0.000000	0.000000
7.970000	2.342844	82.60000	569.4000	82.10000	89.20000	0.000000	0.000000	0.000000	0.000000	1.000000	0.000000	0.000000	0.000000	0.000000	0.000000	0.000000
7.530000	2.307904	81.30000	585.2000	82.40000	89.00000	0.000000	0.000000	0.000000	0.000000	0.000000	1.000000	0.000000	0.000000	0.000000	0.000000	0.000000
7.880000	2.095110	79.60000	592.0000	82.50000	88.60000	0.000000	0.000000	0.000000	0.000000	0.000000	0.000000	1.000000	0.000000	0.000000	0.000000	0.000000
7.900000	2.126148	78.00000	595.0000	82.70000	89.10000	0.000000	0.000000	0.000000	0.000000	0.000000	0.000000	0.000000	1.000000	0.000000	0.000000	0.000000
7.920000	2.102149	76.80000	602.0000	82.90000	89.60000	0.000000	0.000000	0.000000	0.000000	0.000000	0.000000	0.000000	0.000000	1.000000	0.000000	0.000000
7.990000	2.045428	77.60000	605.4000	83.20000	88.90000	0.000000	0.000000	0.000000	0.000000	0.000000	0.000000	0.000000	0.000000	0.000000	1.000000	0.000000
8.050000	1.983821	79.00000	615.0000	83.50000	89.40000	0.000000	0.000000	0.000000	0.000000	0.000000	0.000000	0.000000	0.000000	0.000000	0.000000	1.000000
8.270000	2.012030	82.20000	633.4000	83.70000	90.00000	0.000000	0.000000	0.000000	0.000000	0.000000	0.000000	0.000000	0.000000	0.000000	0.000000	0.000000
8.140000	2.027446	84.00000	626.7000	83.90000	90.60000	1.000000	0.000000	0.000000	0.000000	0.000000	0.000000	0.000000	0.000000	0.000000	0.000000	0.000000
7.860000	1.931212	83.70000	612.9000	83.70000	89.90000	0.000000	1.000000	0.000000	0.000000	0.000000	0.000000	0.000000	0.000000	0.000000	0.000000	0.000000
7.480000	1.939321	84.30000	624.4000	83.30000	89.00000	0.000000	0.000000	1.000000	0.000000	0.000000	0.000000	0.000000	0.000000	0.000000	0.000000	0.000000
6.990000	1.858620	83.20000	647.1000	83.10000	89.70000	0.000000	0.000000	0.000000	1.000000	0.000000	0.000000	0.000000	0.000000	0.000000	0.000000	0.000000
6.850000	1.945724	81.90000	645.8000	83.40000	89.50000	0.000000	0.000000	0.000000	0.000000	1.000000	0.000000	0.000000	0.000000	0.000000	0.000000	0.000000
6.920000	1.874573	79.20000	663.0000	83.80000	89.20000	0.000000	0.000000	0.000000	0.000000	0.000000	1.000000	0.000000	0.000000	0.000000	0.000000	0.000000
6.560000	1.885389	75.90000	673.5000	83.80000	89.50000	0.000000	0.000000	0.000000	0.000000	0.000000	0.000000	1.000000	0.000000	0.000000	0.000000	0.000000
6.170000	1.886103	76.00000	678.5000	84.00000	89.70000	0.000000	0.000000	0.000000	0.000000	0.000000	0.000000	0.000000	1.000000	0.000000	0.000000	0.000000
5.890000	1.902594	78.40000	684.7000	84.40000	89.70000	0.000000	0.000000	0.000000	0.000000	0.000000	0.000000	0.000000	0.000000	1.000000	0.000000	0.000000
5.850000	1.959488	78.00000	692.3000	84.40000	90.50000	0.000000	0.000000	0.000000	0.000000	0.000000	0.000000	0.000000	0.000000	0.000000	1.000000	0.000000
6.040000	1.902442	77.90000	708.9000	84.50000	90.90000	0.000000	0.000000	0.000000	0.000000	0.000000	0.000000	0.000000	0.000000	0.000000	0.000000	1.000000
6.910000	1.859646	77.80000	740.0000	84.60000	91.80000	0.000000	0.000000	0.000000	0.000000	0.000000	0.000000	0.000000	0.000000	0.000000	0.000000	0.000000
6.430000	1.774031	78.00000	737.4000	85.10000	91.20000	1.000000	0.000000	0.000000	0.000000	0.000000	0.000000	0.000000	0.000000	0.000000	0.000000	0.000000
6.100000	1.767997	79.80000	717.3000	85.40000	92.20000	0.000000	1.000000	0.000000	0.000000	0.000000	0.000000	0.000000	0.000000	0.000000	0.000000	0.000000
6.130000	1.715157	80.90000	723.3000	85.80000	92.60000	0.000000	0.000000	1.000000	0.000000	0.000000	0.000000	0.000000	0.000000	0.000000	0.000000	0.000000
6.370000	1.666746	82.90000	752.2000	86.30000	92.90000	0.000000	0.000000	0.000000	1.000000	0.000000	0.000000	0.000000	0.000000	0.000000	0.000000	0.000000
6.850000	1.704599	85.60000	739.5000	86.50000	93.40000	0.000000	0.000000	0.000000	0.000000	1.000000	0.000000	0.000000	0.000000	0.000000	0.000000	0.000000
6.730000	1.718893	84.80000	744.0000	86.90000	94.20000	0.000000	0.000000	0.000000	0.000000	0.000000	1.000000	0.000000	0.000000	0.000000	0.000000	0.000000
6.580000	1.738361	86.20000	746.3000	87.10000	94.70000	0.000000	0.000000	0.000000	0.000000	0.000000	0.000000	1.000000	0.000000	0.000000	0.000000	0.000000
6.730000	1.703212	88.80000	744.3000	87.60000	94.80000	0.000000	0.000000	0.000000	0.000000	0.000000	0.000000	0.000000	1.000000	0.000000	0.000000	0.000000
7.220000	1.706516	92.00000	744.7000	88.00000	94.80000	0.000000	0.000000	0.000000	0.000000	0.000000	0.000000	0.000000	0.000000	1.000000	0.000000	0.000000
7.290000	1.622623	94.90000	753.3000	88.20000	96.00000	0.000000	0.000000	0.000000	0.000000	0.000000	0.000000	0.000000	0.000000	0.000000	1.000000	0.000000
6.690000	1.520764	96.40000	755.7000	88.40000	96.30000	0.000000	0.000000	0.000000	0.000000	0.000000	0.000000	0.000000	0.000000	0.000000	0.000000	1.000000
6.770000	1.481933	99.40000	765.5000	88.30000	96.90000	0.000000	0.000000	0.000000	0.000000	0.000000	0.000000	0.000000	0.000000	0.000000	0.000000	0.000000
6.830000	1.567430	100.9000	764.4000	88.60000	97.00000	1.000000	0.000000	0.000000	0.000000	0.000000	0.000000	0.000000	0.000000	0.000000	0.000000	0.000000
6.580000	1.571682	100.0000	744.7000	88.80000	97.30000	0.000000	1.000000	0.000000	0.000000	0.000000	0.000000	0.000000	0.000000	0.000000	0.000000	0.000000
6.580000	1.499125	104.3000	751.8000	89.20000	97.30000	0.000000	0.000000	1.000000	0.000000	0.000000	0.000000	0.000000	0.000000	0.000000	0.000000	0.000000
6.870000	1.499105	106.0000	778.2000	89.60000	97.90000	0.000000	0.000000	0.000000	1.000000	0.000000	0.000000	0.000000	0.000000	0.000000	0.000000	0.000000
7.090000	1.535941	110.9000	763.7000	89.90000	97.90000	0.000000	0.000000	0.000000	0.000000	1.000000	0.000000	0.000000	0.000000	0.000000	0.000000	0.000000
7.510000	1.646921	120.3000	778.8000	90.30000	98.00000	0.000000	0.000000	0.000000	0.000000	0.000000	1.000000	0.000000	0.000000	0.000000	0.000000	0.000000
7.750000	1.663833	111.2000	785.7000	90.70000	98.60000	0.000000	0.000000	0.000000	0.000000	0.000000	0.000000	1.000000	0.000000	0.000000	0.000000	0.000000
8.010000	1.681095	109.8000	781.2000	91.10000	99.20000	0.000000	0.000000	0.000000	0.000000	0.000000	0.000000	0.000000	1.000000	0.000000	0.000000	0.000000
8.190000	1.679784	108.2000	779.9000	91.70000	98.80000	0.000000	0.000000	0.000000	0.000000	0.000000	0.000000	0.000000	0.000000	1.000000	0.000000	0.000000
8.360000	1.588633	108.6000	781.0000	92.00000	99.10000	0.000000	0.000000	0.000000	0.000000	0.000000	0.000000	0.000000	0.000000	0.000000	1.000000	0.000000
8.750000	1.538454	109.8000	787.1000	92.10000	99.80000	0.000000	0.000000	0.000000	0.000000	0.000000	0.000000	0.000000	0.000000	0.000000	0.000000	1.000000
8.760000	1.572201	113.1000	803.3000	92.20000	100.3000	0.000000	0.000000	0.000000	0.000000	0.000000	0.000000	0.000000	0.000000	0.000000	0.000000	0.000000
9.120000	1.623978	112.8000	792.3000	92.70000	100.9000	1.000000	0.000000	0.000000	0.000000	0.000000	0.000000	0.000000	0.000000	0.000000	0.000000	0.000000
9.360000	1.629368	110.8000	771.8000	93.10000	100.1000	0.000000	1.000000	0.000000	0.000000	0.000000	0.000000	0.000000	0.000000	0.000000	0.000000	0.000000
9.850000	1.679892	112.2000	774.8000	93.60000	101.0000	0.000000	0.000000	1.000000	0.000000	0.000000	0.000000	0.000000	0.000000	0.000000	0.000000	0.000000
9.840000	1.675413	110.8000	790.4000	94.20000	101.3000	0.000000	0.000000	0.000000	1.000000	0.000000	0.000000	0.000000	0.000000	0.000000	0.000000	0.000000
9.810000	1.792004	111.2000	766.4000	94.80000	100.7000	0.000000	0.000000	0.000000	0.000000	1.000000	0.000000	0.000000	0.000000	0.000000	0.000000	0.000000
9.530000	1.801809	107.7000	773.1000	95.00000	100.5000	0.000000	0.000000	0.000000	0.000000	0.000000	1.000000	0.000000	0.000000	0.000000	0.000000	0.000000
9.240000	1.690848	105.5000	781.0000	95.20000	99.50000	0.000000	0.000000	0.000000	0.000000	0.000000	0.000000	1.000000	0.000000	0.000000	0.000000	0.000000
8.990000	1.786998	104.5000	776.8000	95.40000	99.90000	0.000000	0.000000	0.000000	0.000000	0.000000	0.000000	0.000000	1.000000	0.000000	0.000000	0.000000
9.020000	1.720090	103.9000	778.0000	95.70000	99.70000	0.000000	0.000000	0.000000	0.000000	0.000000	0.000000	0.000000	0.000000	1.000000	0.000000	0.000000
8.840000	1.747659	103.8000	783.6000	96.10000	99.20000	0.000000	0.000000	0.000000	0.000000	0.000000	0.000000	0.000000	0.000000	0.000000	1.000000	0.000000
8.550000	1.741077	100.6000	790.5000	96.40000	99.60000	0.000000	0.000000	0.000000	0.000000	0.000000	0.000000	0.000000	0.000000	0.000000	0.000000	1.000000
8.450000	1.684753	98.30000	811.0000	96.50000	100.1000	0.000000	0.000000	0.000000	0.000000	0.000000	0.000000	0.000000	0.000000	0.000000	0.000000	0.000000
8.230000	1.626669	99.60000	801.3000	97.50000	99.60000	1.000000	0.000000	0.000000	0.000000	0.000000	0.000000	0.000000	0.000000	0.000000	0.000000	0.000000
8.240000	1.627875	98.80000	787.1000	98.00000	100.1000	0.000000	1.000000	0.000000	0.000000	0.000000	0.000000	0.000000	0.000000	0.000000	0.000000	0.000000
8.280000	1.656419	101.6000	795.0000	98.50000	100.6000	0.000000	0.000000	1.000000	0.000000	0.000000	0.000000	0.000000	0.000000	0.000000	0.000000	0.000000
8.260000	1.656473	102.8000	816.8000	98.70000	100.0000	0.000000	0.000000	0.000000	1.000000	0.000000	0.000000	0.000000	0.000000	0.000000	0.000000	0.000000
8.180000	1.629148	102.1000	796.0000	98.90000	100.4000	0.000000	0.000000	0.000000	0.000000	1.000000	0.000000	0.000000	0.000000	0.000000	0.000000	0.000000
8.290000	1.584253	99.40000	809.5000	99.40000	100.4000	0.000000	0.000000	0.000000	0.000000	0.000000	1.000000	0.000000	0.000000	0.000000	0.000000	0.000000
8.150000	1.496303	99.90000	811.5000	99.80000	100.4000	0.000000	0.000000	0.000000	0.000000	0.000000	0.000000	1.000000	0.000000	0.000000	0.000000	0.000000
8.130000	1.460753	101.2000	813.1000	100.7000	100.5000	0.000000	0.000000	0.000000	0.000000	0.000000	0.000000	0.000000	1.000000	0.000000	0.000000	0.000000
8.200000	1.475432	102.3000	817.6000	101.6000	100.7000	0.000000	0.000000	0.000000	0.000000	0.000000	0.000000	0.000000	0.000000	1.000000	0.000000	0.000000
8.110000	1.424482	100.1000	816.6000	102.2000	100.1000	0.000000	0.000000	0.000000	0.000000	0.000000	0.000000	0.000000	0.000000	0.000000	1.000000	0.000000
7.810000	1.425507	96.80000	825.1000	102.4000	98.80000	0.000000	0.000000	0.000000	0.000000	0.000000	0.000000	0.000000	0.000000	0.000000	0.000000	1.000000
7.310000	1.428704	95.60000	843.2000	102.4000	98.20000	0.000000	0.000000	0.000000	0.000000	0.000000	0.000000	0.000000	0.000000	0.000000	0.000000	0.000000
6.910000	1.409188	95.20000	832.3000	103.0000	97.70000	1.000000	0.000000	0.000000	0.000000	0.000000	0.000000	0.000000	0.000000	0.000000	0.000000	0.000000
6.250000	1.440381	96.00000	822.6000	103.2000	97.00000	0.000000	1.000000	0.000000	0.000000	0.000000	0.000000	0.000000	0.000000	0.000000	0.000000	0.000000
6.120000	1.601953	95.60000	834.2000	103.3000	96.10000	0.000000	0.000000	1.000000	0.000000	0.000000	0.000000	0.000000	0.000000	0.000000	0.000000	0.000000
5.910000	1.623147	95.30000	852.4000	103.5000	96.40000	0.000000	0.000000	0.000000	1.000000	0.000000	0.000000	0.000000	0.000000	0.000000	0.000000	0.000000
5.780000	1.620341	93.80000	840.9000	103.8000	97.20000	0.000000	0.000000	0.000000	0.000000	1.000000	0.000000	0.000000	0.000000	0.000000	0.000000	0.000000
5.900000	1.706937	94.40000	857.3000	104.1000	98.30000	0.000000	0.000000	0.000000	0.000000	0.000000	1.000000	0.000000	0.000000	0.000000	0.000000	0.000000
5.820000	1.644083	92.90000	861.5000	104.2000	98.40000	0.000000	0.000000	0.000000	0.000000	0.000000	0.000000	1.000000	0.000000	0.000000	0.000000	0.000000
5.780000	1.640830	93.10000	863.7000	104.5000	98.50000	0.000000	0.000000	0.000000	0.000000	0.000000	0.000000	0.000000	1.000000	0.000000	0.000000	0.000000
5.450000	1.576171	94.40000	866.4000	105.0000	99.40000	0.000000	0.000000	0.000000	0.000000	0.000000	0.000000	0.000000	0.000000	1.000000	0.000000	0.000000
5.210000	1.586245	93.80000	874.5000	105.2000	99.30000	0.000000	0.000000	0.000000	0.000000	0.000000	0.000000	0.000000	0.000000	0.000000	1.000000	0.000000
4.810000	1.562618	93.60000	892.8000	105.5000	99.20000	0.000000	0.000000	0.000000	0.000000	0.000000	0.000000	0.000000	0.000000	0.000000	0.000000	1.000000
4.430000	1.464463	93.70000	916.0000	105.5000	98.60000	0.000000	0.000000	0.000000	0.000000	0.000000	0.000000	0.000000	0.000000	0.000000	0.000000	0.000000
4.030000	1.542221	93.90000	916.9000	105.7000	98.70000	1.000000	0.000000	0.000000	0.000000	0.000000	0.000000	0.000000	0.000000	0.000000	0.000000	0.000000
4.060000	1.563900	95.20000	915.5000	106.1000	99.30000	0.000000	1.000000	0.000000	0.000000	0.000000	0.000000	0.000000	0.000000	0.000000	0.000000	0.000000
3.980000	1.577870	95.30000	930.0000	106.6000	100.0000	0.000000	0.000000	1.000000	0.000000	0.000000	0.000000	0.000000	0.000000	0.000000	0.000000	0.000000
3.730000	1.565010	96.30000	954.1000	106.8000	100.7000	0.000000	0.000000	0.000000	1.000000	0.000000	0.000000	0.000000	0.000000	0.000000	0.000000	0.000000
3.820000	1.519108	95.30000	943.3000	106.9000	101.0000	0.000000	0.000000	0.000000	0.000000	1.000000	0.000000	0.000000	0.000000	0.000000	0.000000	0.000000
3.760000	1.451546	95.30000	951.4000	107.3000	100.8000	0.000000	0.000000	0.000000	0.000000	0.000000	1.000000	0.000000	0.000000	0.000000	0.000000	0.000000
3.250000	1.426881	95.30000	962.4000	107.5000	101.6000	0.000000	0.000000	0.000000	0.000000	0.000000	0.000000	1.000000	0.000000	0.000000	0.000000	0.000000
3.300000	1.375453	94.30000	970.4000	107.8000	101.2000	0.000000	0.000000	0.000000	0.000000	0.000000	0.000000	0.000000	1.000000	0.000000	0.000000	0.000000
3.220000	1.475734	94.00000	983.0000	108.1000	101.7000	0.000000	0.000000	0.000000	0.000000	0.000000	0.000000	0.000000	0.000000	1.000000	0.000000	0.000000
3.100000	1.653232	92.40000	1001.200	108.5000	102.3000	0.000000	0.000000	0.000000	0.000000	0.000000	0.000000	0.000000	0.000000	0.000000	1.000000	0.000000
3.090000	1.723062	92.50000	1021.800	108.7000	102.8000	0.000000	0.000000	0.000000	0.000000	0.000000	0.000000	0.000000	0.000000	0.000000	0.000000	1.000000
2.920000	1.723238	93.40000	1046.000	108.6000	102.9000	0.000000	0.000000	0.000000	0.000000	0.000000	0.000000	0.000000	0.000000	0.000000	0.000000	0.000000
3.020000	1.722087	93.30000	1040.200	109.1000	103.4000	1.000000	0.000000	0.000000	0.000000	0.000000	0.000000	0.000000	0.000000	0.000000	0.000000	0.000000
3.030000	1.799961	94.10000	1022.300	109.5000	103.8000	0.000000	1.000000	0.000000	0.000000	0.000000	0.000000	0.000000	0.000000	0.000000	0.000000	0.000000
3.070000	1.728560	94.70000	1030.800	109.9000	104.0000	0.000000	0.000000	1.000000	0.000000	0.000000	0.000000	0.000000	0.000000	0.000000	0.000000	0.000000
2.960000	1.663704	95.90000	1057.800	110.2000	104.4000	0.000000	0.000000	0.000000	1.000000	0.000000	0.000000	0.000000	0.000000	0.000000	0.000000	0.000000
3.000000	1.680039	97.30000	1057.200	110.4000	103.9000	0.000000	0.000000	0.000000	0.000000	1.000000	0.000000	0.000000	0.000000	0.000000	0.000000	0.000000
3.040000	1.749783	95.30000	1072.200	110.5000	104.1000	0.000000	0.000000	0.000000	0.000000	0.000000	1.000000	0.000000	0.000000	0.000000	0.000000	0.000000
3.060000	1.791750	99.00000	1083.600	110.5000	104.3000	0.000000	0.000000	0.000000	0.000000	0.000000	0.000000	1.000000	0.000000	0.000000	0.000000	0.000000
3.030000	1.756003	96.70000	1088.600	110.8000	103.9000	0.000000	0.000000	0.000000	0.000000	0.000000	0.000000	0.000000	1.000000	0.000000	0.000000	0.000000
3.090000	1.728527	95.70000	1099.200	111.1000	105.0000	0.000000	0.000000	0.000000	0.000000	0.000000	0.000000	0.000000	0.000000	1.000000	0.000000	0.000000
2.990000	1.767373	95.90000	1112.000	111.5000	105.4000	0.000000	0.000000	0.000000	0.000000	0.000000	0.000000	0.000000	0.000000	0.000000	1.000000	0.000000
3.020000	1.778317	97.30000	1129.500	111.6000	105.9000	0.000000	0.000000	0.000000	0.000000	0.000000	0.000000	0.000000	0.000000	0.000000	0.000000	1.000000
2.960000	1.786488	98.70000	1153.700	111.6000	106.8000	0.000000	0.000000	0.000000	0.000000	0.000000	0.000000	0.000000	0.000000	0.000000	0.000000	0.000000
3.050000	1.777419	100.4000	1142.100	111.9000	107.0000	1.000000	0.000000	0.000000	0.000000	0.000000	0.000000	0.000000	0.000000	0.000000	0.000000	0.000000
3.250000	1.776408	102.0000	1124.100	112.3000	107.5000	0.000000	1.000000	0.000000	0.000000	0.000000	0.000000	0.000000	0.000000	0.000000	0.000000	0.000000
3.340000	1.765924	101.3000	1131.400	112.7000	108.3000	0.000000	0.000000	1.000000	0.000000	0.000000	0.000000	0.000000	0.000000	0.000000	0.000000	0.000000
3.560000	1.742274	103.1000	1152.500	112.8000	108.8000	0.000000	0.000000	0.000000	1.000000	0.000000	0.000000	0.000000	0.000000	0.000000	0.000000	0.000000
4.010000	1.733621	105.4000	1132.400	112.9000	109.6000	0.000000	0.000000	0.000000	0.000000	1.000000	0.000000	0.000000	0.000000	0.000000	0.000000	0.000000
4.250000	1.695008	109.0000	1141.900	113.3000	110.1000	0.000000	0.000000	0.000000	0.000000	0.000000	1.000000	0.000000	0.000000	0.000000	0.000000	0.000000
4.260000	1.704532	111.5000	1150.700	113.6000	110.4000	0.000000	0.000000	0.000000	0.000000	0.000000	0.000000	1.000000	0.000000	0.000000	0.000000	0.000000
4.470000	1.694630	112.0000	1144.000	114.0000	111.0000	0.000000	0.000000	0.000000	0.000000	0.000000	0.000000	0.000000	1.000000	0.000000	0.000000	0.000000
4.730000	1.649430	114.8000	1146.600	114.3000	111.2000	0.000000	0.000000	0.000000	0.000000	0.000000	0.000000	0.000000	0.000000	1.000000	0.000000	0.000000
4.760000	1.607033	114.0000	1148.000	114.4000	111.9000	0.000000	0.000000	0.000000	0.000000	0.000000	0.000000	0.000000	0.000000	0.000000	1.000000	0.000000
5.290000	1.670260	116.3000	1156.100	114.6000	112.8000	0.000000	0.000000	0.000000	0.000000	0.000000	0.000000	0.000000	0.000000	0.000000	0.000000	1.000000
5.450000	1.663031	117.9000	1174.400	114.6000	114.1000	0.000000	0.000000	0.000000	0.000000	0.000000	0.000000	0.000000	0.000000	0.000000	0.000000	0.000000
5.530000	1.628172	119.3000	1159.300	115.0000	114.7000	1.000000	0.000000	0.000000	0.000000	0.000000	0.000000	0.000000	0.000000	0.000000	0.000000	0.000000
5.920000	1.620809	118.9000	1135.100	115.5000	114.6000	0.000000	1.000000	0.000000	0.000000	0.000000	0.000000	0.000000	0.000000	0.000000	0.000000	0.000000
5.980000	1.566718	119.7000	1139.100	115.9000	114.8000	0.000000	0.000000	1.000000	0.000000	0.000000	0.000000	0.000000	0.000000	0.000000	0.000000	0.000000
6.050000	1.567436	119.2000	1160.100	116.3000	114.6000	0.000000	0.000000	0.000000	1.000000	0.000000	0.000000	0.000000	0.000000	0.000000	0.000000	0.000000
6.010000	1.574299	117.9000	1133.800	116.5000	115.0000	0.000000	0.000000	0.000000	0.000000	1.000000	0.000000	0.000000	0.000000	0.000000	0.000000	0.000000
6.000000	1.578173	118.3000	1140.800	116.7000	115.5000	0.000000	0.000000	0.000000	0.000000	0.000000	1.000000	0.000000	0.000000	0.000000	0.000000	0.000000
5.850000	1.569875	118.9000	1145.600	116.7000	115.1000	0.000000	0.000000	0.000000	0.000000	0.000000	0.000000	1.000000	0.000000	0.000000	0.000000	0.000000
5.740000	1.637338	117.2000	1139.200	117.0000	116.4000	0.000000	0.000000	0.000000	0.000000	0.000000	0.000000	0.000000	1.000000	0.000000	0.000000	0.000000
5.800000	1.600985	115.9000	1138.400	117.3000	116.7000	0.000000	0.000000	0.000000	0.000000	0.000000	0.000000	0.000000	0.000000	1.000000	0.000000	0.000000
5.760000	1.602547	115.4000	1132.700	117.6000	116.7000	0.000000	0.000000	0.000000	0.000000	0.000000	0.000000	0.000000	0.000000	0.000000	1.000000	0.000000
5.800000	1.638067	119.0000	1138.400	117.6000	117.0000	0.000000	0.000000	0.000000	0.000000	0.000000	0.000000	0.000000	0.000000	0.000000	0.000000	1.000000
5.600000	1.625095	117.8000	1152.400	117.5000	117.0000	0.000000	0.000000	0.000000	0.000000	0.000000	0.000000	0.000000	0.000000	0.000000	0.000000	0.000000
5.560000	1.679529	117.1000	1129.800	118.2000	116.8000	1.000000	0.000000	0.000000	0.000000	0.000000	0.000000	0.000000	0.000000	0.000000	0.000000	0.000000
5.220000	1.651163	118.3000	1105.300	118.6000	118.3000	0.000000	1.000000	0.000000	0.000000	0.000000	0.000000	0.000000	0.000000	0.000000	0.000000	0.000000
5.310000	1.658922	118.8000	1117.500	119.2000	118.1000	0.000000	0.000000	1.000000	0.000000	0.000000	0.000000	0.000000	0.000000	0.000000	0.000000	0.000000
5.220000	1.691185	121.6000	1131.300	119.6000	119.5000	0.000000	0.000000	0.000000	1.000000	0.000000	0.000000	0.000000	0.000000	0.000000	0.000000	0.000000
5.240000	1.672322	123.9000	1105.500	119.9000	120.5000	0.000000	0.000000	0.000000	0.000000	1.000000	0.000000	0.000000	0.000000	0.000000	0.000000	0.000000
5.270000	1.660579	119.5000	1114.600	119.9000	121.3000	0.000000	0.000000	0.000000	0.000000	0.000000	1.000000	0.000000	0.000000	0.000000	0.000000	0.000000
5.400000	1.634118	116.0000	1110.400	120.2000	121.6000	0.000000	0.000000	0.000000	0.000000	0.000000	0.000000	1.000000	0.000000	0.000000	0.000000	0.000000
5.220000	1.640161	116.1000	1097.400	120.4000	122.2000	0.000000	0.000000	0.000000	0.000000	0.000000	0.000000	0.000000	1.000000	0.000000	0.000000	0.000000
5.300000	1.653199	114.1000	1091.500	120.8000	122.4000	0.000000	0.000000	0.000000	0.000000	0.000000	0.000000	0.000000	0.000000	1.000000	0.000000	0.000000
5.240000	1.603901	111.4000	1077.900	121.2000	122.5000	0.000000	0.000000	0.000000	0.000000	0.000000	0.000000	0.000000	0.000000	0.000000	1.000000	0.000000
5.310000	1.578051	112.8000	1086.600	121.4000	123.2000	0.000000	0.000000	0.000000	0.000000	0.000000	0.000000	0.000000	0.000000	0.000000	0.000000	1.000000
5.290000	1.574338	111.2000	1104.900	121.4000	123.6000	0.000000	0.000000	0.000000	0.000000	0.000000	0.000000	0.000000	0.000000	0.000000	0.000000	0.000000
5.250000	1.664133	114.4000	1086.600	121.8000	124.3000	1.000000	0.000000	0.000000	0.000000	0.000000	0.000000	0.000000	0.000000	0.000000	0.000000	0.000000
5.190000	1.663573	116.3000	1065.500	122.2000	125.2000	0.000000	1.000000	0.000000	0.000000	0.000000	0.000000	0.000000	0.000000	0.000000	0.000000	0.000000
5.390000	1.659351	119.1000	1067.800	122.5000	125.7000	0.000000	0.000000	1.000000	0.000000	0.000000	0.000000	0.000000	0.000000	0.000000	0.000000	0.000000
5.510000	1.675078	117.3000	1073.400	122.6000	126.5000	0.000000	0.000000	0.000000	1.000000	0.000000	0.000000	0.000000	0.000000	0.000000	0.000000	0.000000
5.500000	1.659748	120.2000	1053.800	122.5000	126.8000	0.000000	0.000000	0.000000	0.000000	1.000000	0.000000	0.000000	0.000000	0.000000	0.000000	0.000000
5.560000	1.655954	114.3000	1064.100	122.7000	127.5000	0.000000	0.000000	0.000000	0.000000	0.000000	1.000000	0.000000	0.000000	0.000000	0.000000	0.000000
5.520000	1.700304	112.3000	1065.600	122.8000	128.4000	0.000000	0.000000	0.000000	0.000000	0.000000	0.000000	1.000000	0.000000	0.000000	0.000000	0.000000
5.540000	1.699288	111.4000	1069.200	123.1000	129.2000	0.000000	0.000000	0.000000	0.000000	0.000000	0.000000	0.000000	1.000000	0.000000	0.000000	0.000000
5.540000	1.697492	109.9000	1059.600	123.4000	129.9000	0.000000	0.000000	0.000000	0.000000	0.000000	0.000000	0.000000	0.000000	1.000000	0.000000	0.000000
5.500000	1.642556	107.4000	1057.600	123.7000	130.7000	0.000000	0.000000	0.000000	0.000000	0.000000	0.000000	0.000000	0.000000	0.000000	1.000000	0.000000
5.520000	1.652065	107.5000	1074.100	123.6000	131.3000	0.000000	0.000000	0.000000	0.000000	0.000000	0.000000	0.000000	0.000000	0.000000	0.000000	1.000000
5.500000	1.676097	104.4000	1097.400	123.5000	131.7000	0.000000	0.000000	0.000000	0.000000	0.000000	0.000000	0.000000	0.000000	0.000000	0.000000	0.000000
5.560000	1.696941	102.5000	1079.900	123.7000	131.7000	1.000000	0.000000	0.000000	0.000000	0.000000	0.000000	0.000000	0.000000	0.000000	0.000000	0.000000
5.510000	1.688554	103.1000	1066.000	123.9000	131.6000	0.000000	1.000000	0.000000	0.000000	0.000000	0.000000	0.000000	0.000000	0.000000	0.000000	0.000000
5.490000	1.673045	101.1000	1075.700	124.1000	132.1000	0.000000	0.000000	1.000000	0.000000	0.000000	0.000000	0.000000	0.000000	0.000000	0.000000	0.000000
5.450000	1.665672	100.3000	1087.400	124.4000	132.7000	0.000000	0.000000	0.000000	1.000000	0.000000	0.000000	0.000000	0.000000	0.000000	0.000000	0.000000
5.490000	1.690842	98.70000	1070.500	124.6000	133.3000	0.000000	0.000000	0.000000	0.000000	1.000000	0.000000	0.000000	0.000000	0.000000	0.000000	0.000000
5.560000	1.676347	95.50000	1074.700	124.8000	132.0000	0.000000	0.000000	0.000000	0.000000	0.000000	1.000000	0.000000	0.000000	0.000000	0.000000	0.000000
5.540000	1.684617	93.40000	1073.600	124.9000	131.9000	0.000000	0.000000	0.000000	0.000000	0.000000	0.000000	1.000000	0.000000	0.000000	0.000000	0.000000
5.550000	1.672279	91.70000	1068.600	125.1000	133.8000	0.000000	0.000000	0.000000	0.000000	0.000000	0.000000	0.000000	1.000000	0.000000	0.000000	0.000000
5.510000	1.614442	91.70000	1069.900	125.2000	133.3000	0.000000	0.000000	0.000000	0.000000	0.000000	0.000000	0.000000	0.000000	1.000000	0.000000	0.000000
5.070000	1.617998	92.00000	1076.200	125.5000	133.8000	0.000000	0.000000	0.000000	0.000000	0.000000	0.000000	0.000000	0.000000	0.000000	1.000000	0.000000
4.830000	1.650769	93.00000	1094.200	125.5000	133.7000	0.000000	0.000000	0.000000	0.000000	0.000000	0.000000	0.000000	0.000000	0.000000	0.000000	1.000000
4.680000	1.634149	91.70000	1115.000	125.4000	133.9000	0.000000	0.000000	0.000000	0.000000	0.000000	0.000000	0.000000	0.000000	0.000000	0.000000	0.000000
